[PAD]
[UNK]
[CLS]
[SEP]
[MASK]
457
798
66
277
140
370
190
191
2010
1019
2008
1085
379
1299
5596
2363
725
773
636
861
862
462
1150
19
800
571
533
1149
4380
23
90
295
565
807
153
941
226
812
453
32
2292
521
914
278
275
276
29
108
3292
198
1763
130
4146
1104
101
2996
11
8
9
313
102
80
177
426
133
134
1802
10
200
2229
477
358
546
1709
92
2643
540
8640
1853
4789
14625
1525
432
971
29366
208
355
5908
1247
209
246
247
2288
2169
1403
11108
16
249
39
1376
2170
328
62
12
72
99
1475
71
76
420
690
10127
58
252
63
854
52
53
106
161
254
67
1079
2627
2628
745
168
258
2456
169
11888
1811
470
455
456
146
347
176
1221
42
5084
710
711
43
11279
3150
421
20624
24
48
45
478
12289
2405
1174
1307
1213
333
185
4667
50
336
1645
281
56
381
382
5037
1431
5038
1513
392
1129
86
227
1624
2251
49
308
2191
89
988
221
433
903
264
1854
1251
342
518
602
1195
37
212
213
35
65
331
285
280
1835
288
770
3193
5368
123
13
1759
3545
415
618
1652
202
3750
440
1207
172
519
481
304
1101
1021
2585
181
6473
3318
2319
116
2934
180
222
223
3748
464
3705
1182
424
291
4
5
6
6438
925
459
217
1105
719
163
251
1758
613
592
671
4622
1534
253
243
561
239
232
230
81
1688
788
1188
3074
128
2909
473
784
1536
935
282
283
3217
661
1277
46
47
334
1116
1121
1053
757
3
5673
5674
672
77
590
300
1290
5209
643
18
1024
512
1478
536
4426
444
2743
5981
785
548
4108
4992
5642
29925
365
131
135
136
1656
744
1276
829
830
14410
1894
1275
831
187
79
28
229
634
1868
4160
299
790
1006
2930
126
593
162
416
2770
16472
574
93
4269
2192
91
8107
524
525
1985
263
739
2606
2595
709
476
692
431
693
4410
196
551
118
338
1113
6192
1198
417
332
396
1041
1795
474
475
5025
1205
1211
1209
1210
1206
1208
6348
3361
6349
882
6521
4838
1201
9846
14407
14408
9440
652
535
1769
1770
485
4458
2725
1193
599
600
361
2776
44
2283
3248
819
1640
1509
1934
1615
4262
1361
307
192
465
394
395
3360
466
794
647
350
238
3162
740
2672
2673
240
2205
850
3661
360
682
883
2731
629
705
511
7007
4710
1354
2029
248
1319
836
447
74
1899
3502
344
114
810
173
311
573
1655
1178
880
384
14
220
354
189
224
87
1310
1311
8130
909
12067
945
107
1316
750
12677
468
578
1443
158
55
25
141
1286
1526
9583
1190
1289
122
837
423
4314
11557
250
6172
454
741
3917
3918
461
94
292
3678
922
761
2030
1124
3604
1333
813
9747
14498
3776
3254
3617
471
1338
1339
1340
684
1801
3139
317
113
679
117
1228
1229
119
1636
82
1592
2448
1907
380
267
142
2612
1576
451
5652
1644
1379
326
1635
591
6798
2764
270
271
4169
1222
1223
265
3044
3045
4468
2316
1804
2074
2075
10957
899
965
2034
15012
8116
242
410
933
1470
397
6014
3610
1596
877
878
312
842
4592
1694
1249
1110
2882
1902
3215
1661
3367
6860
127
554
59
10056
8605
472
852
3041
1556
818
2358
955
3667
2962
724
15
2162
676
11027
828
767
6604
1233
3923
1023
3964
103
1080
3883
12469
12634
2601
4610
960
2463
2853
1501
2854
962
802
1035
824
434
1739
1401
1548
897
3034
916
405
1002
64
262
522
2832
33
1135
1600
4211
1163
1461
2706
390
534
3081
68
69
70
369
13148
5066
887
5931
149
5928
6273
646
1387
1650
2597
1653
5344
611
3331
236
237
1162
1025
840
1164
3285
2082
159
538
623
678
499
1017
2077
764
2269
17627
1057
1618
615
1359
1014
832
1
2
7
16166
8592
559
560
612
95
1495
1425
4781
3920
1847
341
2209
413
1786
1381
2320
632
729
3714
1829
2061
804
6370
2343
642
7061
1724
120
4058
1642
1405
1712
665
9412
6157
1545
1180
12670
279
366
4740
3186
272
1632
1367
1368
1063
1369
1542
348
2575
15505
1325
255
606
552
553
2471
1609
10942
550
2053
762
4984
215
1990
2663
8940
500
1184
1287
4524
3535
3672
809
371
3536
274
3543
5977
1377
653
572
6806
723
1013
6455
5971
1911
2027
934
986
2768
1904
1522
11004
4089
1133
594
4775
449
422
691
287
7043
329
330
881
3229
484
1479
3489
753
1493
2246
4580
1173
1675
137
6792
8835
115
349
1008
8333
754
771
335
2641
231
1555
1322
662
83
13789
11129
864
595
11788
1698
1087
970
1235
147
121
3089
5345
479
1617
482
483
6435
1574
1667
175
7660
1242
4007
10867
97
990
781
782
2513
8137
495
626
5198
373
1068
1106
17662
689
4324
1259
439
4012
1719
2460
669
10045
2478
940
2873
1097
1231
178
1095
989
4204
389
1946
2813
18198
718
1183
12701
4033
2334
4097
8045
2002
3764
148
808
41
1497
2038
806
904
266
520
5257
4552
1115
2432
1004
3778
687
5757
530
531
4110
3434
2765
2419
2613
14348
851
644
7554
3151
7647
2037
527
315
526
7211
1091
5395
5763
4494
1092
11886
2615
1329
1394
5059
3273
776
1042
296
6069
532
241
14667
1715
3287
1267
2825
12998
1453
228
1134
1593
4682
353
1130
1054
2710
894
193
2208
1168
302
875
3974
3378
2732
670
998
12425
2670
2630
3175
1352
1487
1716
1141
675
2639
1263
811
6055
7690
7691
3087
8441
4806
9590
1227
3548
856
3300
73
3492
3141
1236
1032
286
14748
428
4795
1582
406
586
318
2158
20
3268
3269
3270
3271
3427
4834
6405
964
3070
3515
1781
698
3332
2090
2675
1278
442
844
13319
8609
419
2107
2108
186
1660
2830
188
54
10792
4224
2340
4523
23240
3075
12530
657
3094
2409
1089
437
2687
6638
1282
9801
2006
345
1974
3919
635
38
2567
2568
3982
641
157
6378
446
3577
1100
3224
855
734
1022
1756
1460
36
398
1154
10366
508
707
979
30053
4061
1549
1136
956
3093
60
2056
885
799
10592
5401
8846
3936
795
1440
1050
403
2175
1107
1584
11301
588
1787
991
1230
1998
1723
1402
448
1729
261
749
825
5477
1943
110
1317
3751
9507
17601
7674
3302
443
3824
1059
2223
12952
4801
57
1424
1476
10214
1745
1389
10333
1203
1396
11388
1001
949
1814
541
1979
5450
1651
2538
322
1048
2306
547
4282
469
2868
1266
1496
2007
1347
603
1448
1449
10546
1613
5436
7236
374
1450
3625
3322
726
2472
6936
2260
233
1499
9834
579
4236
1268
954
873
309
124
1915
4858
5475
5479
1647
3927
651
24431
7466
314
4419
6362
2280
6363
6364
3359
2076
2549
847
980
6969
2530
1370
2351
290
683
3960
436
367
8865
26109
1170
1680
1760
5896
708
4968
3803
12085
109
1142
1570
1701
6379
9790
7311
205
1803
2622
3474
2271
2864
352
1873
25333
1503
493
9339
1465
1463
4003
1489
12258
427
11956
2394
3444
2214
2688
5445
3296
5138
1562
7522
25918
2256
760
378
10984
2804
2570
2805
889
1153
1353
814
815
4697
2504
7475
736
1378
1337
9033
7917
5985
3052
3024
507
1683
2213
787
2197
796
31
34
1747
5889
4808
5183
1070
2626
919
1860
1588
3406
13446
368
166
260
75
1139
1012
4223
24275
3971
928
2679
699
1722
1872
938
853
4416
4503
324
1009
4207
6412
5168
2609
1192
3470
3882
2820
3381
2415
2023
11734
1386
4649
969
17653
3138
849
12225
1682
1331
503
10009
876
1918
1003
9263
22
3161
1088
543
2454
959
4313
2210
863
1693
7541
494
1543
2789
98
3043
1430
2560
583
3620
1239
2142
1185
1186
2261
40
1411
1820
3316
17118
12127
1038
1417
372
3450
1704
1335
10391
2176
11958
7403
1226
1342
1346
3871
947
5378
1851
1395
1702
4517
9941
608
2342
5966
1603
566
1581
7543
15207
14434
14524
486
489
1473
3026
10216
981
1491
1517
2126
575
12769
715
2042
6646
7588
6021
6022
2244
6667
3253
3966
2423
211
1793
362
3343
2889
3494
752
3761
1728
4638
2091
2092
948
4520
2148
2912
1446
984
5242
1326
884
14504
20788
5553
12629
293
294
171
2828
2692
297
458
1732
14668
5090
17588
6004
649
650
1382
3315
337
4613
2678
3116
3897
2366
1877
6821
298
5070
2824
5071
1049
1999
2000
1125
11970
2235
1373
1374
4305
610
376
17645
614
25281
1438
506
6633
1648
7409
14519
1294
805
4644
16638
5119
6224
1510
16587
1919
915
1780
6869
975
972
973
1037
3682
3985
1800
1295
9353
664
944
1421
2540
3498
2361
4201
8965
3832
1052
4428
3614
4641
1560
917
918
1619
1654
8763
11992
3119
6563
3969
906
1816
6440
1304
319
10386
1034
435
4092
942
460
2871
25399
3583
568
1094
2124
958
3276
1445
8741
890
895
11226
11227
2154
1364
1366
138
8179
132
1391
10929
1874
514
920
921
542
5449
3648
1849
1705
3760
11412
15490
2066
2067
2418
1734
4350
418
4759
7451
1498
1622
5069
680
2115
9822
174
1527
9211
22507
5203
2281
1798
501
2642
3210
16598
7631
4356
2487
14972
4736
11552
1773
766
860
14353
5034
3062
1929
18840
23766
2536
23767
7771
3368
14124
2534
20683
3154
2521
78
640
16565
1350
8092
164
913
3877
2134
3192
6019
15739
4214
2098
31537
5872
3299
1699
4231
14417
1610
1864
645
2250
145
2483
4657
1292
2014
1296
18629
3931
5096
1466
2557
5653
3747
966
12260
1993
1280
562
1951
6883
2906
9458
3724
7517
6237
1931
1332
441
1027
4823
8164
4355
3675
17420
16510
2041
1687
2398
7113
2580
1047
6644
12824
4538
4068
2434
8902
3099
1544
3225
467
2807
4415
4570
817
5531
8430
1225
786
1881
1108
598
9785
5415
1684
3758
5991
1569
17
1625
1507
12033
4053
3385
4240
1789
3452
783
3402
3220
1523
1305
3765
289
2444
7095
5577
1537
4137
9410
8456
1238
197
4890
545
2645
2646
6268
732
1839
6926
6360
4471
5083
4704
340
841
2488
402
24705
1547
1765
8216
2109
792
4119
5540
513
450
2656
438
425
704
7388
1692
5516
4955
6291
4537
2870
3168
3649
6293
7489
3652
1666
1939
3537
218
219
216
10415
706
7924
8555
1512
6916
926
2370
3795
3796
3669
5442
375
4344
963
19051
1166
6735
6736
2780
1626
5498
6381
6382
3887
16146
2227
1452
21984
2501
3243
3355
7667
1567
8382
5359
6141
867
777
2245
5074
4510
3643
23156
6468
3342
4737
3170
3512
2816
4787
15046
1504
4187
16687
888
27351
16688
2412
15060
8394
6734
256
7719
1982
1467
1365
12274
9175
4866
3327
4159
7470
7752
310
2693
4831
23273
727
225
627
2604
4535
12061
8244
1323
1324
359
1420
1051
6467
2990
8145
1220
10620
2289
2392
5200
3838
7462
4615
4931
4663
9885
5980
2013
6952
4621
5747
3804
2782
2784
7725
609
2800
156
3641
2684
2389
1637
13773
2611
2174
17569
7381
1018
1958
2272
3828
1920
5086
96
3425
8400
155
5472
1994
1706
16225
5137
5340
1269
2173
722
7358
1583
4186
11242
11243
12222
9964
2772
1954
3529
301
567
11568
1414
886
2857
4501
1212
13202
5194
858
859
3676
2135
28456
4074
3815
4761
7267
5384
2138
1315
1568
2177
838
2860
2505
13793
8854
14502
1794
3582
4358
1007
2204
3221
6552
2146
11533
6506
8952
12831
505
1532
2954
8734
9637
7520
6809
2746
1137
751
20590
1880
3662
589
3822
1160
3757
2421
5300
2290
4188
5036
5210
463
502
15198
5612
1255
23183
5232
2600
7169
4986
999
2856
620
1928
5910
2286
5550
2285
1271
13463
5692
10385
8590
2152
9787
2936
8958
2241
5285
10885
7496
2849
1397
5406
7569
3358
2975
1833
144
15550
12895
5965
3797
3798
18058
105
4804
11537
7443
3736
4749
10596
179
1967
5629
1176
2407
4915
1696
4909
1252
6082
9015
22131
5988
269
1330
1328
8903
779
3639
1944
4929
951
2497
6999
2836
3659
5469
5470
14268
2616
1128
21
4143
1987
15010
5590
5591
8128
5460
14978
7001
7002
1665
5110
18266
6910
23582
4880
24718
6387
9457
6377
3209
13444
1748
6315
3079
3478
1559
6953
3567
9289
7354
1906
2976
1970
393
1914
13493
6261
1200
3885
19733
24266
7285
823
1314
3458
15676
4828
15707
4963
4728
15717
15993
23952
2657
2658
5922
4216
772
582
3962
7652
7511
24749
1916
15889
13373
2149
2747
13763
13764
3653
866
4478
3846
5318
1484
1995
6855
3317
10650
721
2777
3441
11082
1055
1011
6002
937
4047
2420
16647
2831
3117
6647
1731
1681
8429
624
625
3763
2496
1349
14374
2327
7697
160
5052
8124
1996
1962
1194
10014
3925
24368
7055
24369
3015
5346
1197
4511
4993
2698
20714
3433
15275
1412
2541
2775
1753
3451
11657
1061
967
1741
2574
4409
5250
29607
17901
3247
2636
2846
1300
4219
2122
939
3612
2961
872
1426
1284
997
6937
13423
6081
10911
12282
3856
8561
4758
11880
4602
9674
23834
15683
1808
4044
996
10242
2305
4467
2965
13326
6336
1514
1515
2044
1274
1264
6437
3576
5853
9961
6024
12732
738
12131
13453
15131
2113
1812
16730
1817
11804
6073
6450
5882
4883
2989
2527
12148
14177
3483
576
1639
5624
20157
3284
3993
10318
2436
5832
2369
3293
539
5237
674
5255
28013
357
3025
5884
1858
8131
2059
7998
21333
2166
3949
3902
5441
4163
15541
3519
4981
6037
5330
2307
911
3005
4940
3306
11366
4987
5249
1345
1643
3118
4640
4878
11182
6402
10077
10079
6887
4919
1662
2216
1842
13205
2590
5718
5417
5016
429
1948
1903
24380
4055
2172
6343
6337
2198
4327
104
3228
408
235
25564
1506
26496
7768
4773
1664
2111
6783
3951
7515
14403
2230
15029
857
23438
1870
2101
2867
2992
339
581
5238
8473
2531
194
1187
3435
6115
6116
10749
601
10716
24201
1343
11253
2818
758
2155
2156
4660
5047
7519
2647
10512
6384
2773
1158
12544
2190
3096
13199
2520
20690
2799
9951
9643
961
14671
1530
797
8335
2736
9485
2455
3377
6271
3272
4460
17359
8384
11968
5325
1672
1790
1072
6411
14696
14697
12316
2583
1774
1685
1649
2301
4792
4793
5197
848
4800
2469
17994
5179
633
1575
2160
1103
23308
1500
2629
17045
8679
907
5023
3357
6962
6149
1488
24188
4932
7575
9748
2594
1597
214
2125
151
1935
4485
6459
6740
4010
22608
17631
2402
3308
7657
1638
29768
18949
13726
2060
3562
6472
9673
2735
5987
4762
517
17268
3405
2876
5178
3181
11160
2046
2047
22801
2025
1216
1490
11325
12807
13911
1383
2094
6642
2401
826
2904
2019
3655
20787
8292
14753
5120
6332
9196
4330
23853
4600
3738
5354
2136
3888
3440
3126
3027
648
2700
1360
22411
10795
2866
1145
6711
356
2181
580
3160
7538
5433
2017
2298
1288
17666
1462
3755
327
775
1925
1945
452
3632
316
321
6845
6846
27785
13705
7406
5808
1959
4203
976
5544
5665
1456
100
8393
10438
6578
8100
7840
3004
6162
1454
1058
5452
3059
3129
4046
9848
4456
3775
12362
5505
5506
11143
4832
2785
1646
3514
5149
8885
14216
7499
8425
1237
8573
2022
4857
8485
4136
10630
1253
4962
1272
1302
1949
2221
4848
2686
1196
18966
3345
6896
3465
4936
3078
1518
154
2631
9292
4867
16265
4868
18412
14850
2625
1553
23774
3503
1878
5976
2753
3071
4175
7619
1551
2885
1321
9682
2869
619
4261
871
6340
3844
12744
12745
12746
694
8077
1546
2667
7369
1189
6992
10876
5360
26042
1932
10624
3859
1118
10607
5323
22797
1336
2973
6259
3701
12063
12203
1245
5026
4974
4975
27063
6030
2655
5847
14784
968
3100
6231
5334
7649
6623
9904
2437
3135
2532
2243
2892
3362
5518
10332
24034
4081
10048
10187
12477
1529
400
1046
1871
7030
7121
5934
5698
2240
3559
6408
4565
2842
2562
2381
3713
16270
6461
5948
2676
822
1415
4607
4440
1856
3976
15311
4106
1862
3013
4134
4011
7682
4650
16290
6838
6839
8476
2806
2461
1955
2315
5695
13889
4864
4590
18396
510
13894
8013
8014
5355
4942
4732
13741
3171
622
13334
1036
4249
6009
4025
3895
681
2354
11023
5456
26281
17750
1096
1244
11399
16998
4153
5502
2311
9334
19208
21677
2374
2464
9310
1243
28264
1219
1045
11580
584
2495
4342
13707
6118
4979
929
4694
5510
7799
993
10526
28568
2143
2144
2356
17516
2940
7604
2116
977
7931
4004
7042
1671
2470
26947
7950
2393
7721
6109
10436
7738
3424
1866
2508
1913
16915
1883
3022
1697
528
13131
5403
4656
2449
4361
9475
1978
6843
25745
2130
2073
2129
129
8098
6356
952
2879
17135
1976
8201
1730
13350
3873
6967
22896
4964
4675
4289
2080
10148
13372
2199
3123
6858
9223
23649
3898
4814
4078
2299
2988
10821
7039
3929
6754
2222
9032
7106
2945
6006
2944
4149
5555
2724
7579
9046
7086
2349
21672
4420
4681
5293
2561
3202
3257
3978
2576
3563
25178
821
742
7114
9421
1623
3987
2089
2555
14822
10422
12601
879
529
8671
8672
6598
6597
14928
3032
3082
4130
6299
414
1157
3729
15278
18437
11394
2786
11673
3848
3849
3850
4070
2937
2938
13918
27894
2596
17902
22137
19083
4855
4856
655
268
412
5974
13645
9614
3374
5900
1358
1132
8245
4183
2947
5496
10255
10397
2201
1472
11274
1620
5439
6454
2105
2300
1109
2476
6955
4495
728
6319
13696
9945
2475
3289
1963
3149
12301
2572
2801
7823
11541
1528
12178
7432
8256
7993
2051
587
11594
5222
1363
2995
7974
7975
839
4464
3930
1075
5147
14463
3588
5804
3264
3314
9940
5171
20694
2106
3674
6053
3047
9780
21965
702
13167
2102
4091
2833
2835
85
10728
7104
4026
4027
5307
22084
30
13355
1384
4766
11163
11272
3007
11323
11324
3770
6656
9106
6092
4278
3479
9832
22865
1791
5830
2347
4711
9776
13343
4308
2377
6120
10861
24967
4958
18121
8121
8122
1459
5573
6825
3940
898
1796
6124
1016
9318
6431
9319
3242
2662
1181
3183
8009
2715
2386
8934
2918
11632
7518
5268
11934
11048
21666
4625
12238
5324
6308
3805
2774
1897
5967
4727
3950
3180
2718
3670
4206
2651
1404
13746
5145
1972
15593
5508
1857
165
15128
10878
4884
7577
10983
2011
2526
399
5361
4643
4331
4557
5341
1825
411
487
488
5176
13274
2621
4891
1159
11260
16589
1177
377
10344
1658
16530
10017
1390
2328
1147
17619
2202
7772
1668
1254
6731
5713
2490
19330
2357
6820
11434
2991
3065
13618
4709
7739
10461
386
10462
6471
11984
3204
4596
5105
3826
3955
2760
234
4593
8199
4902
12693
6100
8277
7767
14718
9597
5132
2267
1293
7724
4876
18685
12735
2085
6958
6788
2304
3080
12638
1224
14514
4672
2671
2695
5785
3329
2573
1927
5964
5218
2838
5295
5707
2581
1146
4933
88
2707
7723
9058
3935
5600
759
10331
6033
6706
6519
2535
18144
4633
4418
10241
5299
19117
10966
15494
12347
4021
2759
12851
22547
5777
10945
4549
563
564
6724
2045
1884
1885
12044
8670
1256
2819
7256
17235
24896
13767
1762
927
3893
13342
8149
491
3260
23332
18782
6799
6800
6801
6802
2502
24259
667
1605
5231
835
15138
7235
16329
7307
1283
16465
7683
3943
995
6683
11739
2787
2084
1270
789
10319
3970
5946
5396
14140
23884
5772
1788
2728
1754
2949
9016
5201
25405
15253
5930
2117
203
204
5949
2845
11967
12753
3860
1540
2330
3277
3961
12907
10303
10835
1260
1422
3814
3304
2302
720
2872
2489
5608
7427
7428
3364
9325
2704
3954
1905
5219
6635
4172
5667
25598
2164
6722
953
896
2408
2533
1468
2858
2859
7783
23742
4230
10865
6306
7215
5313
15921
14152
8480
12773
5716
11555
13758
3201
6288
8461
14635
5628
10531
13193
6163
1718
4145
13368
17382
17576
2757
1711
3551
7550
14641
2375
3726
8197
9172
5708
2064
1805
9695
170
2093
4237
5058
4403
4338
16108
1819
2987
10362
22950
8146
8114
21146
4803
4611
7382
4805
17936
6782
1714
5765
13440
8484
2608
1202
8203
9911
6643
19715
4020
3525
1933
3613
4693
2796
2368
3466
3467
8012
630
1240
2323
13970
7038
2491
2482
22456
3083
19457
16659
3418
8463
2681
2680
10579
3251
3384
4382
3716
2165
18864
5227
2791
13967
13968
5752
5050
943
1940
6344
6227
6281
2883
10764
3906
2908
16071
6304
10935
12931
10371
9514
10219
2120
2429
8788
9728
8436
6625
12893
2462
6474
8991
930
931
569
6853
22309
6824
4028
3520
7146
1175
673
1947
7380
3376
8324
9895
6709
2035
2477
2823
2232
6823
1451
677
8656
2079
4273
5042
12788
1508
5940
2355
4676
1960
15241
4475
4476
4002
12413
8754
3891
7112
2380
28288
6007
9824
9825
12714
4360
12527
3544
2400
15656
7665
1834
3431
2617
1900
16325
3894
30327
992
5532
2003
4454
3816
6260
3718
6976
3499
537
6003
1981
2336
1102
4345
24973
27765
27766
8022
3834
19699
5959
4578
14746
18520
2865
3371
1909
3994
1320
9607
12074
10782
2546
5766
7748
13380
16152
2598
15330
13345
13136
7424
8227
6298
11627
22153
11534
4220
10645
3351
259
11001
3305
15485
3382
4705
6170
14812
7136
5567
2458
4437
2403
5193
3505
685
923
791
3817
2433
7201
7202
8138
16650
8993
8750
5474
26615
9049
5693
9026
2548
26324
15899
4572
18378
2577
2745
5158
2697
11663
8150
3403
4079
8525
7866
17881
2427
3524
3526
14180
2309
2254
13908
6517
3603
13294
4994
3741
4063
10074
10038
4790
4791
5984
2009
15141
2999
2798
4099
1669
2121
8322
11832
509
8490
1265
2539
4473
4661
1832
912
1248
10952
4718
1123
9768
10949
2182
16025
10357
5013
27
4111
6016
497
1119
957
6737
2702
3010
4391
5254
9989
4141
2065
5312
4628
4301
3290
13878
7585
8177
8175
8176
2591
5468
4234
2411
3105
1971
9424
7546
13327
12023
11508
11613
3036
28016
3830
2282
3657
4620
2839
4726
631
7035
4405
3957
4859
1573
6292
7892
6961
8420
2682
8298
21441
6569
2547
4275
13044
10000
7444
5572
9215
4155
3991
13974
5625
985
6423
8313
7757
2984
15901
13555
10527
14104
2234
6132
10537
4164
5571
16460
5033
7871
3155
1657
7150
10659
1888
833
3484
4247
15822
3638
4292
4893
2447
6652
2762
5731
5221
10635
3916
6399
5457
5671
8708
5809
9171
5995
22478
1355
2039
4496
7956
5267
8304
6129
6301
868
5453
5720
5799
25947
8196
14912
8039
3009
4135
3890
5890
7345
3790
3690
13141
2742
6106
10999
150
2652
6636
6613
11059
18090
28210
6253
2303
2664
5684
13002
12518
4977
14237
9014
18684
3800
1039
8789
8075
13946
7670
9268
12192
26149
6242
9626
2414
20118
558
3363
6089
2610
5780
1471
1469
3722
7923
2542
19099
112
2452
9935
24348
6547
17372
24349
3060
3061
24301
3437
6886
2769
2779
7006
25510
4178
16099
4271
4560
7947
3973
5270
4369
3313
1114
3278
12472
21714
21715
4288
1594
21762
4835
7359
1564
12224
9494
23752
6122
4337
1844
3203
3176
4624
17671
11356
19882
12151
3584
3585
15258
10049
1144
12569
1822
14976
730
9564
4673
4886
4923
13743
16723
9692
5911
3581
5850
5101
8492
18749
2005
4928
5691
4374
4148
12609
2333
13697
26716
9108
3014
9697
6787
3813
2054
4122
11172
2284
10019
523
14244
6765
6616
1031
27553
3782
3375
3143
24463
2920
14175
11625
5481
1776
2878
9303
7258
6772
27495
7574
8588
3173
8215
14647
10730
16051
16047
3766
6608
7418
3120
3541
9419
3390
27548
4455
5742
1455
11084
7218
20528
1585
18600
6663
2691
5774
6174
12782
7205
7398
18788
10290
7065
5225
6067
9027
4642
5448
2376
9307
1676
15503
1757
2607
10950
5787
6489
6832
4299
9304
9121
4050
1485
2614
12256
1966
2618
12497
9454
6119
22321
8580
22322
12585
1043
4417
2550
11831
2739
3019
12973
7553
16533
2891
351
555
6902
1628
13806
8793
4447
2071
12674
5605
8509
7440
4052
5278
8132
5443
8040
4144
3827
2877
18818
11669
15123
10817
10478
11099
12118
9994
6177
1792
4109
17883
17444
8738
12114
15375
11490
845
846
12411
5247
2178
3407
3447
11348
4648
5311
21096
12798
6103
9274
9462
9463
12811
1074
5336
7099
9921
3735
16831
7159
7115
3475
6903
5264
22107
14862
17696
24684
893
3783
2834
5536
14577
4000
1464
13932
6620
12565
2644
3809
2810
10299
17126
9314
737
1876
4815
7330
5493
1710
7178
17684
2797
3785
139
9060
6107
4335
11527
6933
7671
16676
6755
13269
5121
9629
4241
18078
1362
2974
4421
7089
3125
6580
1901
8036
11597
1815
5762
5055
6110
1535
4031
7286
4849
9943
6550
3092
11053
11054
4085
7681
13535
1117
1111
9213
7259
9865
2893
6901
4528
3410
383
7936
15237
19196
498
7193
19429
4229
6465
9331
7220
9266
16557
1633
182
870
5253
8575
6828
3131
13548
4783
4567
6355
4083
12752
4098
26513
1572
2565
2566
3068
2114
7197
5839
4325
1442
14215
6776
13899
4666
6715
14777
5651
5260
4965
6245
874
9664
7077
11194
5259
6052
8744
24606
24607
480
7639
7173
10239
6771
2128
2529
3152
5122
2348
16782
26580
5770
4032
4536
16259
10152
2139
4579
8142
6727
6779
8896
12697
18950
3050
6482
19145
1924
8888
7951
16721
6040
6269
6696
14877
17854
17331
13593
3737
1436
7393
15053
5961
10321
3250
5095
10989
3719
4630
4372
10396
1408
3611
2226
10694
22468
17169
6977
3055
6978
8985
803
9136
24359
24203
9135
24204
3706
2353
12920
1138
5243
14732
2901
2332
12412
8759
11280
23319
3158
21939
3896
6256
3463
7715
11472
3387
9426
2766
7973
4252
4037
9830
15019
4208
3693
12253
4917
1482
24146
24506
24507
26423
4117
23069
5865
21047
3252
663
14450
5855
18872
2273
16509
29414
23898
3095
2599
7615
10706
13518
3340
3702
13849
10727
11361
13860
13769
5463
5702
7593
2896
14290
4861
5937
4034
1566
1563
13821
4304
3835
2099
7984
6990
9618
1516
22118
9771
4937
1953
24253
7986
22255
10922
3708
9826
2001
10557
5142
6297
7248
11875
2524
3321
27853
22937
7171
1093
11556
24413
7989
16555
7484
7254
1098
2778
2511
13224
8486
5986
7276
9857
20463
9214
3256
1434
3182
11239
8918
4715
14378
12595
1400
323
320
2151
12715
15352
10611
10997
7611
7017
16729
1120
22783
11119
5700
2040
2187
13498
11688
6094
9483
5397
12972
10853
7412
7413
7754
18327
5093
22690
11062
4874
3021
4191
9145
10941
8071
23819
1474
1309
11131
12172
7930
1840
6834
14737
3016
7198
9050
4647
16245
4452
2633
7825
15655
2840
4060
16402
13563
1752
18981
9990
10895
11333
10419
5124
2410
3727
1926
11208
2744
28334
12584
2119
2479
16907
1602
8856
4268
7282
11022
8796
2390
4551
5654
5655
2926
22877
6267
13557
11891
1561
27008
5135
4302
6277
11510
29971
25308
10078
7337
5958
6544
24479
5088
15867
2441
1126
5467
3112
12291
2422
9886
17975
2738
17318
5103
5081
3369
12980
2795
5365
7764
6906
13779
22369
8930
5385
5240
3749
11089
4251
4267
12381
16878
5499
9778
4197
1416
4774
2217
23367
6703
5883
3232
3373
11094
7094
5342
7857
2705
10660
3516
5473
7250
16564
5230
8889
901
7468
3922
4634
4635
5471
3319
7253
7880
15217
10667
11179
11213
25290
2396
3462
14338
6137
6138
7818
6847
9754
2397
14261
3959
3018
21281
9235
9236
23669
6153
3159
5877
12741
6389
2640
1334
13482
11740
19487
1077
2163
13895
596
597
2886
13185
2569
3211
8920
19969
5557
17325
17326
6211
10139
5294
3886
3565
2905
3679
10674
6112
3924
6329
8477
8742
7116
9761
11118
5382
8532
10068
20174
6741
14646
5522
22290
3715
1407
1398
5024
7793
8346
6913
1151
8753
1923
11271
11576
24935
3837
16925
7210
4088
4296
4297
4298
3616
5637
1521
2994
4166
14345
9624
1447
2150
5528
2255
8386
18270
12093
8295
5167
18914
14310
14344
5125
5726
4385
4386
4387
5173
14230
8999
5668
9799
1824
11440
11441
8864
3900
1965
7558
4226
616
23939
780
4743
6669
3819
7877
22346
8842
15331
5564
18117
8048
12124
8464
17253
8860
8861
8862
3663
17302
27768
1156
3734
9111
2719
10072
10004
2069
2435
1890
6549
4853
15489
10245
9115
10211
9573
14143
6079
13890
8622
5562
17725
2153
4907
2803
5545
4215
1520
14058
10996
14123
14482
6488
7241
4569
8381
1578
8695
5358
17213
23464
16770
3589
3568
11793
5626
10377
7842
5615
639
3481
21975
10854
9417
20642
11231
13581
7776
3432
12902
17821
6203
3965
7766
2979
11991
1086
4154
306
5619
946
11485
9157
9158
8641
27407
712
4162
9819
14311
11176
9283
3558
2714
6640
6641
4497
10890
401
6477
5992
7272
6511
3510
10190
7021
7022
3754
7371
9200
3892
11915
18276
14596
7773
7590
4894
8443
8101
8682
14167
3552
6900
9416
2690
793
12402
6441
7033
6763
11137
3003
8510
4093
22571
9708
6512
5283
7183
6418
4741
9401
8806
3459
8967
2659
11180
7128
1938
8988
14849
2308
2137
7118
1505
5372
6017
9034
4124
10302
3195
5609
22631
6796
10081
10468
4321
7566
16692
10689
15314
3820
2957
24335
11282
1554
2481
2727
16100
11096
621
7654
2720
6966
7332
2055
4171
2578
3988
6011
9340
26572
1612
17735
17736
17734
7991
4568
3564
13076
11813
11071
4326
4019
2473
5957
9767
1428
1777
9482
8003
7404
3338
2826
3733
10773
4087
3608
3446
3723
869
3740
5846
2445
5128
3637
14825
1895
17344
8723
10231
4636
10928
7351
9284
11219
15417
12271
14457
3177
4039
28590
14242
3066
16708
22200
5800
1725
10154
11686
10629
4746
17551
6479
1437
22366
2185
2814
17933
24124
18723
4114
3172
3420
1686
4080
10208
23802
10980
3806
10831
5761
1950
13089
5386
2200
4531
8810
15216
5563
6446
16698
9974
2726
735
17940
24250
8312
4665
4950
1029
4595
2346
18900
7054
8688
28428
18824
17680
6877
9104
12659
7346
9603
6442
2928
10207
1852
13815
2417
10189
2881
11562
4319
5806
6393
5824
12276
4227
1896
14169
23949
29288
24806
2268
31381
31382
6432
31384
31385
20950
2821
2467
8117
2969
16881
1867
3237
10133
4983
5297
19927
8966
6191
21740
10265
9129
11639
11640
1312
2855
13634
5775
12870
6035
1533
9599
6540
6148
3829
21967
6827
18257
8928
9152
8646
9669
5245
7774
23215
11655
20636
5672
9546
26856
22195
3909
4448
19791
12066
12106
7949
9080
3136
2522
8217
5434
8921
6686
1703
10124
18091
8839
9920
16906
14574
7805
9133
13613
7603
9225
22444
2921
6911
1969
11177
7431
1659
13323
15596
3421
3578
5878
4246
16363
28855
10345
5430
6039
12089
6434
13371
17024
4598
1766
5892
7567
3946
2179
12076
1140
7041
10213
16695
22435
15575
1634
6927
2018
5978
4731
4842
2946
15415
16345
1720
9555
9554
7320
5053
9798
1257
4629
8871
10888
15562
9517
18487
8615
7870
9224
4930
12577
28041
2841
15334
6545
8259
4927
3037
6617
12296
12297
686
9534
11519
6063
5281
5195
2507
9064
6439
26920
11370
15704
22415
18985
5140
1735
199
15370
2558
17522
15171
577
111
6764
13515
1775
7552
24866
7445
6160
3104
7833
2952
557
18041
6535
5936
1308
10601
5915
11097
7627
2863
21505
3644
1161
16338
16656
11814
7911
1586
2685
9358
9359
2919
9850
5511
5117
14050
7370
3555
3553
3554
1081
28818
1084
1577
9965
19259
9881
7274
3989
22487
3878
16321
2661
3346
273
5174
1241
6681
4910
2295
3645
2902
11008
3879
6220
5776
5116
14848
12678
654
4232
11314
5423
4846
2554
3658
19016
2754
2755
6287
4015
14935
4307
10013
10800
7926
7982
1148
24871
5339
3350
5849
5099
2589
9288
4295
26769
1388
4469
5466
8489
2193
12292
6805
26781
18998
4899
7780
3677
14415
14503
6690
15646
18114
11662
8875
2808
18612
2985
11939
13262
8674
19386
2194
7620
3056
1678
5669
10851
7902
7851
6181
7852
7854
9981
30394
2095
6884
6086
5408
21408
6971
7867
25674
6320
14710
15492
7945
5486
6891
3341
14279
14750
3635
5143
2317
20108
4113
14015
14241
10232
12669
6101
617
10771
6456
4967
5604
1060
3956
4173
7491
16231
2602
3666
7328
17422
28342
8074
22627
17231
13590
5627
7679
6615
11591
11267
8960
4291
3460
6294
604
5184
11259
6475
15268
5393
9094
12442
11229
9532
3144
14741
1799
2584
2215
9969
14684
17523
29777
1306
17351
16298
2556
4317
12135
2425
13833
1726
6634
12251
9237
4553
14632
13362
5432
6397
5639
7495
25469
4763
7070
206
201
9999
8051
17629
4057
15484
20364
688
8494
18511
3533
17383
18337
2850
4513
4585
9810
13733
17208
17029
7322
22475
15440
9847
8863
4854
7154
7234
3939
9926
504
10608
14112
11727
3869
12847
7858
14486
4599
7190
11523
6501
6738
6739
3905
15220
3188
5412
19536
9273
11236
11798
8805
8769
8052
18669
7394
3086
1040
2459
10986
10987
16560
21915
2399
9931
11365
26351
4852
14265
14266
10508
6184
16641
9619
23201
15734
11509
12591
10752
8876
6091
8732
4566
7449
2020
19209
9176
5080
15757
7338
816
12618
5710
5566
6921
3320
2247
3196
4586
7628
25828
3831
10110
4879
1785
6380
15064
7209
3398
3780
7153
10227
7000
2950
5758
24473
13855
11010
8417
6350
9056
1599
7946
5459
12857
11102
15806
18957
5969
1078
10433
26280
12312
15273
1557
7695
10863
7059
14423
13896
9077
9443
22453
16386
8344
7243
4546
23548
7587
4946
27606
4445
22408
5823
29769
1997
15985
5166
8200
1744
2188
16006
1749
5527
26169
4408
5207
8318
5048
5738
12836
8465
2338
2660
17771
16266
9505
13883
17892
4785
4167
5409
2424
4413
12813
5712
3743
11629
5097
10197
7130
7531
13579
10776
8851
3422
8550
6254
7278
5513
7108
16941
24930
25800
7686
18922
6196
3937
6818
1764
17519
9127
13173
13174
10029
10028
11865
7100
905
4359
2224
12327
8680
4953
26883
9986
17768
12097
4253
15671
12861
8281
4438
3997
8824
6222
22610
17828
2941
11101
6161
19744
5818
6313
15116
17196
25160
14541
284
5666
29428
8181
4632
5464
8607
7129
24599
11470
8647
9161
3787
26
8576
15859
7790
11623
16380
8360
7306
2257
11775
7400
2543
6151
5277
14920
6595
2737
12802
5064
5087
8431
10845
4961
8676
18206
16094
27957
8797
14448
16284
7614
9101
4218
16026
16027
15563
5089
25055
2931
14921
14922
9634
16032
21871
9252
4100
7625
10308
29745
23483
30132
6568
6989
6997
4780
4574
2998
24244
23097
7004
15038
1887
6691
23125
16415
16414
1279
14934
3732
8434
2189
13196
22059
4618
4976
1393
6104
3397
4655
5912
22967
4365
7862
13825
12652
22734
9561
11151
10008
11315
5798
15700
4142
2206
3222
10655
9602
10710
4798
4799
10070
2763
18983
7334
5813
19769
12504
8589
2484
26751
13430
8562
1064
7507
10969
12120
15928
7300
3380
10144
13553
8155
7540
5904
20476
7237
9559
15074
1721
4989
7890
24439
6125
2848
9502
18595
8618
8848
3283
5494
27992
10642
8523
7644
2498
5638
2740
11517
11092
14472
10439
5139
6712
14199
3753
2916
3411
15328
9290
3600
9349
1375
7325
8563
24032
15361
10695
4195
2321
3636
10247
1486
15069
9143
8016
19588
17036
3802
7490
2792
2793
13490
1281
15721
4402
4121
4152
21015
4674
26560
3365
3185
5935
17161
11136
8540
21427
17160
7868
11962
11765
11766
8082
23486
4559
4794
6251
15517
6655
12181
10668
4339
10329
24613
2157
8881
3417
25956
5008
13591
10712
9151
18943
5226
5918
9043
27753
17212
3569
3570
4179
9721
8049
3347
6651
10382
8832
23055
29271
12665
19014
2515
3593
908
12465
5041
25617
7478
10141
7762
9598
13133
11849
8900
6529
10500
7759
8790
2287
15915
4725
16705
5374
5186
4836
23018
20342
13403
6564
9300
12071
10708
7299
1598
10130
7971
3876
6778
4518
14109
6480
5216
1988
3370
25902
23810
26499
7872
15504
2638
10520
6854
9112
5748
1750
14445
14153
14047
4424
25841
7693
10925
4368
8102
17226
16846
4005
6591
23598
12501
6080
5154
5155
2593
11952
10184
18766
9751
3279
7838
23558
3039
8125
3067
12482
11468
2722
13176
6496
8173
7942
10703
20120
700
8627
3486
7749
16980
4077
490
1631
8595
11746
496
3455
14559
5598
3709
10093
10094
20235
29578
5972
16689
23684
16066
13129
1713
9676
8144
4691
13010
3490
13935
3280
5790
2291
5926
6048
15557
16422
16421
9509
2233
5620
5925
24813
7026
20468
4395
6325
6326
3213
3214
4770
1629
1152
10485
16466
3594
7181
9019
5807
9977
18740
12388
8303
10871
15229
6551
4843
5380
3983
15810
7827
8826
17453
7957
11950
15395
1838
3628
13256
5416
3107
11063
778
4132
7678
14901
11056
16120
8222
6723
16455
7848
2004
5732
8478
9640
19825
1169
15085
13744
4056
9933
4233
7110
2345
12654
28346
10975
4821
14806
20119
21482
6574
4911
14722
12845
9584
4519
8224
21846
24569
3530
13892
13511
16138
13682
7811
7010
1746
11928
28073
5228
23431
10700
10943
6142
12892
21202
19918
24877
15981
10375
4652
7888
7454
11246
16404
22303
6570
6571
3457
3521
6031
4881
4279
5938
12797
4016
7102
3972
5694
5465
14340
11204
21778
4692
14367
7527
1392
11355
6719
11031
7535
14330
13369
6576
10103
11602
2446
2036
1821
5113
8665
22353
7555
17545
1056
11030
14454
5546
5744
8781
5664
9079
11745
11692
1344
11539
7471
5597
22671
20960
6600
6502
16539
4482
7459
8543
4739
16279
3590
9520
16258
5875
17839
13227
11855
7353
9473
17166
16379
13278
9529
1413
4645
6767
17401
29170
5658
9971
1494
1112
18566
6749
8457
10286
18751
10626
15661
6929
7502
2372
14876
7613
6599
748
3908
2708
4818
2252
4221
18349
6005
4266
4103
11981
2929
13712
3206
24042
3137
20146
7878
18343
6255
12508
1818
20065
12361
3507
4086
2970
14111
19962
3767
13508
3372
1015
143
2525
5356
15736
3241
7363
10246
1082
14183
6058
7782
18651
4474
15319
3219
4938
14067
13047
2788
2925
7997
8470
13902
1980
3085
18298
2917
3166
9876
21951
2180
2966
17037
1371
12090
11349
12009
21282
5391
17283
20241
22438
9238
15393
9374
763
25855
2024
16593
9738
11811
3485
3500
3258
5733
15741
14938
11560
9783
23000
26430
14389
2359
6221
5901
2634
14705
13144
8872
3992
19276
17476
2329
6102
2827
7317
12772
3412
4720
9958
3122
7344
10796
4258
11487
16540
6464
9796
17760
26444
3088
9478
10923
14078
4489
2653
8432
24865
19910
22335
932
8118
6594
9988
13893
1524
3523
10899
5891
3233
10063
7011
15756
11081
5208
2382
10587
12853
14225
6342
5290
6243
4383
7292
7405
8315
5831
5833
10134
25197
18397
18293
4840
210
22323
4922
6043
5199
8475
23409
11767
11768
3626
2468
24406
5028
18517
9313
6311
10930
8635
4702
13674
3366
27797
8535
5220
6018
4729
10408
430
8467
17346
2649
13755
6274
11507
4202
14725
29160
10171
13719
8828
9774
28728
9739
5431
2971
12099
13239
7008
15166
892
12512
1831
3218
12052
1587
6130
7226
3913
7618
17830
27967
10477
16661
13982
12154
12464
4388
28920
14584
5646
6762
24521
544
4465
5944
11284
1738
15692
7314
2416
1030
9183
17810
15164
6510
733
2978
22301
8711
7251
25540
5663
6674
7925
4978
27993
4678
5862
12650
23270
12053
16752
10186
11114
3928
13307
5705
13153
12283
8444
24872
4470
6605
10096
3656
15590
7046
27881
5389
28838
10225
13422
3547
515
5856
7830
2632
7591
4670
6285
6286
363
4462
11469
16824
6872
4276
16236
4575
1073
18728
8569
9256
18856
4481
4996
11905
3671
8194
20293
17274
7034
3145
24297
13955
19245
7318
1291
6761
10639
28573
26411
20535
12058
7441
12825
26854
5251
7289
15953
13112
13113
13114
5789
2297
16004
5060
4558
4101
1356
1357
15966
13284
8023
9169
10298
1736
5583
10296
18714
9439
2545
303
4451
3430
7596
12068
23913
2031
12204
404
13668
2721
3699
6041
4956
15669
7794
22389
4009
3199
9220
20879
2887
12147
17506
3574
8163
7551
10599
22649
6140
11342
11630
12513
14620
8257
3836
6956
14939
9465
4905
13401
2379
24110
13608
9065
13783
2847
6624
11913
1879
3872
5556
7402
16423
22784
18970
10490
7939
5541
7571
12162
10235
1708
6555
15911
18341
1964
12932
16134
1850
167
22931
9923
9092
4796
7078
15040
3980
13235
25458
22625
9150
13847
8910
10525
19246
2078
4707
8469
7188
21820
20898
8606
4013
3028
3029
18647
15696
15697
9075
27052
3866
7704
1670
22592
7612
15982
22836
22837
5296
12962
11339
11382
17286
17930
18425
15127
1571
19263
23324
4779
15910
5679
10646
23439
2592
4138
7079
8371
14919
5786
13485
7622
7623
3114
1000
4509
9909
637
4196
7561
12866
20068
17918
5547
6685
12183
18320
10460
10560
5256
14308
12555
14309
7760
15187
16322
15276
4225
2104
6627
5588
6710
17818
6114
21989
27072
4914
3977
22613
18488
10574
244
19439
9053
7523
4433
4434
12949
9441
11989
23102
2236
10823
11582
16381
22964
6178
10054
6270
10647
17178
4540
7223
9144
1199
13321
15686
12078
1778
1779
3995
9623
7753
4813
6848
15478
12713
3295
8994
8006
23323
15502
17711
8383
3091
15137
8363
8251
4658
5410
16255
20326
6575
7932
17385
13441
4347
10314
11603
15527
10135
9929
8085
6688
18152
21600
20175
6562
11042
7912
17910
19113
7246
17997
12749
3234
5188
17739
9446
3337
4824
11612
26163
12088
17547
5701
14611
13842
2265
12390
5404
11548
27331
15940
11549
13057
13058
18732
24133
10538
5144
6950
8265
6974
13068
3842
4293
25602
17321
23110
23111
4062
11902
5021
2709
21351
15477
19297
7090
4472
6416
7594
6775
12729
11220
15231
27118
4547
12405
6169
23377
24831
13710
6803
23331
3493
6407
7263
7537
2910
152
19023
11679
6396
6807
19564
8516
26123
20719
2923
9113
14554
6367
9663
2220
13110
7933
2486
8774
13115
7498
14370
15373
20670
10517
22023
4700
18056
8348
6596
12145
23578
13358
5711
1552
14836
8354
4901
7232
18581
26588
13503
8521
5835
21725
15135
12346
2843
5252
6614
5876
6523
10041
17772
4651
25079
8110
7534
5530
8440
19247
15281
10801
22899
5717
3231
6128
11214
2145
9415
12217
14466
3549
10025
6358
9827
7958
6965
9651
18176
6197
8702
10012
12981
1261
1262
2057
24669
24668
14071
12854
4862
18992
2371
14963
10466
15178
7301
1843
1767
3294
4094
4764
27044
25851
10192
10193
7271
15081
3298
3416
8428
2701
8416
13298
3881
13175
11086
7111
5308
20325
10454
26426
16716
16717
9622
6328
18961
9755
1427
3156
16903
4285
25660
4090
5993
17925
12141
24781
8410
14875
16076
8755
17866
5648
17122
29819
8602
25535
10954
5947
3127
12964
13797
3098
11735
5871
2993
4588
8004
2900
3266
27574
21996
8171
11130
5869
21002
5678
4263
8379
8380
2196
31620
7360
11248
8404
1372
22834
17330
14249
8957
9646
4745
7828
24213
18696
5370
9190
17282
3031
5303
23900
6113
25925
5001
2296
13140
25297
7605
13445
8482
1595
7448
26975
13913
15539
16966
25896
16919
23396
7557
20184
7242
4024
8424
11125
20764
13012
15067
4051
8519
28324
7025
4264
13943
3471
6789
9691
7453
10946
4534
10882
5424
7927
15476
5812
11614
26313
15712
8408
11166
3739
19926
7279
24663
14731
8906
15972
23278
11705
14659
19269
4677
13637
8293
5127
6155
6156
10348
10556
18789
16206
3808
5111
30613
5258
2875
8800
27883
13220
14512
14869
9182
9647
8411
9109
8143
7122
7092
6312
4646
6831
5129
14012
15225
13204
9153
5136
17070
8557
11933
7583
22813
22939
11200
13738
17589
10067
4767
5275
6215
6216
12399
15781
25868
25869
15783
18564
2703
11919
5010
19623
22236
7737
6144
7898
10107
7797
26246
16161
11046
11047
12944
17220
13529
10504
9859
6708
14513
27013
29517
6244
11107
8961
7751
2552
13542
11104
5134
16619
8366
2238
13594
15300
2523
15176
9501
15964
23132
13049
11712
11518
2140
15792
10347
8042
14096
9736
5537
8827
13947
16305
13897
10254
8976
5425
14639
25447
10484
10387
4668
5950
3630
7831
17740
61
1695
3942
14670
4724
4310
1991
2582
3504
18468
8584
3212
2167
4126
4127
17426
25035
15106
5428
7934
14591
1318
1910
2982
18500
10453
11387
20658
1558
3550
8652
9703
9704
9701
2015
22216
4022
3324
10938
22805
24378
24379
11856
14745
2279
1865
16954
20983
13180
15930
11554
2492
5377
5524
10369
7367
7368
8316
3694
8061
15332
8677
12531
25998
11707
12197
6152
4461
3572
18137
13936
4303
1301
4449
22330
16433
6522
5322
4776
19180
8418
8756
7147
13706
10793
4895
4257
6673
4903
8643
13109
21540
2730
9388
5187
8479
4376
9199
16852
1823
4038
7270
4533
6756
16765
3945
14889
4860
22574
8950
8951
12389
12562
17966
8638
7265
2440
23967
12136
8760
8294
3344
22767
27094
3330
11784
9512
26696
26697
12150
5006
4354
13004
16215
10237
21787
15828
5447
8072
18720
10808
16056
18673
12590
27401
6745
23743
14427
8783
7703
5411
18433
6922
16959
16926
12603
21340
13097
26178
2635
22277
3058
3941
12755
5721
8233
9954
6075
9408
22580
19381
9899
11187
15506
26385
13964
7702
7395
5328
24351
22726
13357
8703
5234
3812
10499
5030
13916
4844
15000
18155
8547
12403
12404
5982
12783
5523
26099
5319
9656
8283
3786
8932
21648
6083
6099
6150
13925
3975
12139
10022
6813
11687
29874
7182
13534
2623
3388
3469
15665
13504
7399
4336
12107
4329
8657
8252
3696
17549
1010
6098
6865
13426
9471
18311
2362
8321
15099
4985
6258
12915
3033
6957
16927
20651
15419
5265
774
17831
2812
12179
11797
6781
13785
5534
4765
11697
7029
16451
27148
14217
14817
7965
7023
14606
15286
18482
12649
11321
8423
13927
5975
17763
13351
28147
25908
9009
5821
5822
4581
29812
14944
11755
11756
13484
4896
6394
6087
3187
6721
25642
2276
18077
12157
570
7225
4576
4577
16855
7374
10388
22619
23710
5298
1742
10492
28125
17001
18780
18781
13831
8270
18772
25913
27953
22441
25026
20137
3356
16521
5273
15101
15102
4242
7756
3436
7157
7606
24453
4869
585
13245
19423
9535
9240
20475
20531
7075
17621
9228
4706
10215
2948
19273
9093
7514
5490
3261
5020
17773
9357
15574
14446
10731
13344
23972
14194
17811
27750
10595
10669
7556
6133
12084
994
8586
9449
11587
11747
8731
6108
12395
21794
12830
7521
6904
10085
10748
15524
257
4379
4228
8087
13666
14044
13191
5951
4695
17395
7081
18995
21511
25369
2955
4259
4897
1968
26636
8813
6661
5440
6175
3599
16339
6757
6694
11474
10894
7889
21957
18661
12428
11318
13011
27129
7684
8103
5685
14833
10261
5398
2654
20435
3624
14388
19510
7607
17946
4030
8608
11878
13105
9434
5224
9428
11019
28261
24394
12232
13301
5838
7656
10919
14100
5662
2997
2537
4407
3843
20375
18295
11463
13798
1700
10653
16183
5923
25954
13287
8619
17633
10125
7841
6866
17792
9469
5172
17225
18033
23581
10251
18262
17512
7528
17337
7726
7727
3164
12757
12758
6935
9447
10737
12622
8160
5906
16632
22888
20538
8109
4802
18497
3179
17495
2837
902
18036
6217
22207
20603
25587
3683
11199
9804
1258
26948
5989
10799
22404
22124
10775
15096
11598
23381
8174
3566
6338
16461
16462
16463
15254
7273
15030
18737
6994
5383
20451
12329
16489
5109
12571
11060
24556
22882
10519
1983
1984
12426
14030
9398
12339
25856
14094
18874
31333
4735
7132
8916
24761
14459
8438
7763
5979
17222
1917
20668
5320
2723
6179
10550
18075
24736
23423
24737
24841
11292
6376
10498
9492
18171
17518
16895
16896
2665
3557
6295
9851
14449
11844
12604
5306
13934
11840
12903
18582
3048
6054
717
28279
8936
4286
8691
12951
14049
9407
7845
7240
22756
6422
5004
1908
6444
3121
14387
6145
6908
4825
5614
14263
1611
7796
16753
1483
10212
20620
3429
8980
10118
2694
10656
18977
10682
10707
15149
26088
11189
11700
11701
2802
7435
13543
13544
15727
8996
4023
23979
24646
12994
10064
20909
14518
7162
827
8153
7340
6365
6366
6626
24824
16675
27581
12126
16021
14240
3006
18799
2733
19424
6248
11938
10661
11210
16727
2587
20758
8729
18665
9752
9753
13339
15722
11404
10696
5152
26827
16800
20200
4809
19268
7093
3560
7765
5538
20494
8825
9515
5703
8035
10327
27442
6327
8454
22824
10407
17224
14943
9489
6278
18705
7458
7787
11451
21225
18953
8925
8926
16991
5151
6204
23128
15020
6516
16041
3408
16016
14095
20424
3901
10430
11164
11917
18792
13996
5159
9394
14855
6653
5724
1601
23050
16691
3684
15863
10230
16964
32815
16986
1179
19773
8168
6841
5814
8388
26062
18594
10559
7264
24414
2062
6341
13236
4504
17782
7252
9245
5376
16014
4076
13638
11196
16949
10458
10264
8172
16240
13533
9563
3488
10167
5730
17525
21099
22835
23639
12341
18264
3223
10467
5333
13730
25689
14578
3262
5248
9257
22076
3456
15104
11741
5051
1921
27243
18825
11320
7816
14601
2862
8710
23824
2465
3400
13649
7158
10739
9114
28999
7244
7455
17452
14881
1589
5866
20274
14204
5820
17264
9095
16128
14728
14729
14927
9794
14994
9568
4492
23571
10554
10428
2752
16263
25332
10751
16714
7513
4698
10129
6909
5640
3461
4875
6660
9125
7473
12579
13774
1836
1837
11369
4069
10541
3038
5515
22063
1882
17746
4684
1298
15738
19277
7822
4784
3794
23378
3762
3509
15843
3395
9251
8717
13519
8419
11100
3017
17747
6610
9715
6632
17971
7396
12683
3752
1961
6509
1863
21602
2669
3742
19876
11653
20186
7662
9639
3472
8262
8794
17550
7266
7411
6188
9758
1630
22228
20059
2817
14957
6954
9889
14664
13123
16670
2141
18999
19190
16499
16320
17560
10618
8460
3821
7658
10721
4671
7028
2650
5286
6504
10285
11141
19734
26145
5791
2207
6941
4404
18643
18464
12079
3703
3704
28560
28451
14467
16816
11536
1531
15879
5217
5828
20433
8500
10316
8029
12561
183
7419
9612
987
18455
5082
26187
13252
16159
8675
6200
10279
17176
10588
30232
19937
4436
6460
6146
9934
17623
10883
23495
12336
16505
16827
2087
10201
12718
9678
4212
18147
5968
1406
4637
1083
8091
19409
4662
8468
8495
25488
17630
23906
10600
13923
5548
9558
1580
1898
4748
9684
4466
13863
21048
12673
23163
11384
12499
8246
15344
3198
5390
17378
2184
5292
17211
4102
19200
5526
22260
7897
24418
3200
17141
12352
10052
2500
3259
6732
22018
18891
13237
13650
2480
14770
5421
2249
24874
9560
10979
10838
16594
16832
13361
18466
10841
26971
23862
2088
13969
23279
16074
10960
7573
5661
3076
834
14545
13462
14669
1922
1727
15118
10809
8795
3640
13819
13671
13940
11545
6051
6945
3349
2493
9448
13126
11007
6316
13251
11731
23011
4287
6863
14805
14727
11391
8182
6748
29115
14334
18400
18776
10811
1565
18352
5347
10218
1579
1952
10128
14587
22168
8505
5288
11156
6032
22174
22687
10059
8787
8341
14979
6279
6469
207
17266
4696
24016
2258
10780
16500
15508
10755
5734
5788
16595
14682
10032
19345
7319
5603
17086
3336
3396
4973
8820
16048
10372
9320
2510
5942
3399
24162
5943
28388
28389
15355
12121
4151
9595
8120
6844
13711
8005
8083
9522
11817
7632
9839
16531
7287
11065
18133
3002
2579
14402
9470
3216
11425
7436
1827
12576
13787
10166
6668
4548
746
25752
6664
15296
8693
1481
6648
15893
6158
8845
12391
23579
22252
4690
6061
28055
9352
13673
13037
22294
3573
15681
9967
13740
8450
8376
15947
5760
20994
14302
10324
8942
8943
8944
5067
10109
1122
6049
13972
25108
17323
15548
16701
18166
9368
14107
14328
10511
12330
3235
23329
8726
11909
10806
18538
5462
29319
3090
23010
9218
13436
10813
7295
24791
5630
5163
11869
6931
15160
23659
11752
15214
5063
4059
12764
9405
8234
9942
3728
4701
10414
10003
23300
12880
7955
7249
9797
25253
6135
21343
9648
18688
18524
4367
9102
26870
9616
11912
4168
9333
5314
13952
695
696
17171
14079
1689
10617
7529
2956
11158
11864
5161
5487
7747
14051
7855
4755
13442
14622
1171
7031
26003
5488
15767
22003
184
22248
23259
6671
982
3587
7812
10939
3857
6949
10893
13587
16612
7356
7621
12984
14807
14481
10336
3528
15338
12974
21207
407
10083
29695
8603
8692
2815
17590
1327
22928
3542
27794
23877
11660
13417
23748
4133
5130
5316
19933
26525
13073
11419
3163
15298
13987
4712
11330
26347
23198
2133
24996
5736
11291
4488
2428
6672
2231
27584
21183
26001
7339
6257
23159
1809
1810
25440
6850
1044
24427
8938
3328
12447
10580
12417
11201
2218
8727
11068
9976
14288
11159
1418
12200
13748
8193
12031
16728
3825
4797
4248
7616
18138
4943
13241
7572
492
7899
6056
16387
15836
10584
13600
9610
27276
11698
5413
10632
20316
26518
16107
7978
8399
24217
6892
19989
10335
4250
768
15428
3326
21611
4498
5802
6190
11646
7298
12628
14730
16553
1399
6699
2072
8989
8990
8296
5014
16970
11621
17164
3404
23765
15342
8546
25595
23584
6629
11816
23233
4659
7602
26675
9479
9675
18736
7048
12344
28274
2364
6684
6797
2068
24945
5435
9384
5007
6361
11193
2310
6497
22262
20721
4507
9959
11822
15841
20745
6252
8601
9250
9020
22818
25611
15437
5939
5239
11311
17859
17005
5686
15909
10037
2264
7918
6590
21804
9280
14687
14977
23825
7463
13655
14447
7597
5962
6959
26985
12410
10066
10361
8232
6494
23932
11540
27342
6339
8332
4708
17622
11903
6804
5863
23769
20039
6830
343
7194
9500
5994
3621
3111
23513
3855
9773
13007
11882
10142
10143
10145
15786
10061
8309
17712
19971
5610
19618
11297
17304
9962
22235
23039
24629
9884
12873
4170
2874
2637
10547
6333
8372
8401
22198
31718
23038
25307
30525
5461
3673
16492
12463
13377
9028
2378
18472
18162
714
18783
26043
28635
9309
2951
2953
13074
28498
27855
4683
21521
26739
11924
6410
22086
17605
13920
15979
10337
7357
10968
8894
7798
11678
15222
4333
13580
13571
14136
25755
8684
24677
11252
10874
8964
26931
7378
5046
6193
6194
10918
4217
10464
6777
16526
19508
24920
15197
8095
6794
11149
27720
13219
22757
17727
10401
6793
8471
26034
27406
9422
14462
8466
3414
4072
7638
3165
27616
7296
7694
18192
18303
5039
12034
9897
24118
21812
8308
25144
5617
23694
15800
3415
9983
3227
15002
13662
12675
16277
13690
3933
3934
24262
9160
6870
10914
7200
10916
10917
11038
5899
12273
21591
3730
18925
7177
2426
22550
8235
6400
15668
22536
16631
9386
13055
8007
8792
14599
4311
6579
16943
17717
13069
12041
23927
17256
10927
9737
12491
4306
1930
7913
6238
22231
6433
4112
20207
21415
18330
19357
5246
6352
6353
10311
11205
26911
703
9802
12385
6851
13143
7584
15760
30323
17170
13801
8405
4998
20436
12221
10328
12348
9979
13879
6586
7018
9642
15202
14037
26839
26837
28530
26838
6917
697
4639
5924
9779
3810
4747
11024
6899
12153
11773
20102
8230
2277
23468
2012
28347
11256
14890
25059
16243
13189
16079
10886
13340
6750
7493
7098
13832
9336
13526
15984
19456
24579
28870
3609
16920
3907
7969
7479
5387
26433
8953
17185
13891
12792
12032
16409
14287
10405
5315
21952
12820
13551
16745
16776
4820
3167
15221
15834
8735
22022
3998
14190
13483
18174
18240
6876
29835
2922
2325
29753
6888
5650
12536
4243
8349
22630
25871
10843
18279
30505
8169
13843
15941
2717
125
13285
24393
15318
5165
14837
27239
1441
26758
11448
9312
5476
16257
2259
3665
4786
27567
14055
14056
4125
20631
8935
6520
8347
15663
3531
13330
15888
7172
11728
11185
8941
8548
22379
26937
11197
11198
12476
11005
25052
8689
10683
10686
5351
5353
22474
6095
19047
2388
10363
15591
25852
15139
6457
17861
7239
3875
11717
8512
4490
14186
16130
756
23427
6942
28295
19886
10379
18605
20116
12244
5078
23333
10610
9762
4768
8587
16591
16929
28087
8422
16756
4529
5595
19481
17261
9180
2890
8053
6628
6947
22445
7277
12639
21122
8880
15436
4156
9278
21729
13820
3392
9195
3664
24695
24654
28303
22998
18165
23387
4107
13717
22201
14360
14361
22930
15782
7144
9498
8024
12245
13721
25709
28656
8261
6491
17884
19725
3595
9585
12969
12558
18576
11423
8545
17541
26970
22025
26417
18259
12672
17737
26141
8385
26025
3522
23554
2977
9285
11515
12636
10542
12754
5108
6013
14517
7483
14179
11736
24067
15874
8503
18958
19762
11940
6816
12885
2907
26210
26297
16444
3487
15652
19350
17373
14742
8159
3700
26654
20152
843
5027
8697
14189
16046
10170
30648
9658
1733
8221
5056
9672
22273
8497
12924
2228
11140
18822
13468
25861
14888
15833
12229
4605
2385
5793
16654
22712
6241
4029
9840
9938
9939
6223
8508
3773
26685
13905
17203
6873
12201
4480
3629
19087
12843
25994
15341
14278
8893
14206
24182
6147
1165
21424
1608
7687
4616
19171
8499
11908
13804
20032
17570
10944
27067
4147
16454
18408
21137
10075
24645
20996
4463
6136
13995
11286
5213
5214
11113
25091
5826
17454
4591
10015
9700
2103
11820
6302
16300
19878
13146
17573
13625
1737
12323
8984
10577
1673
11447
1807
7003
6692
22274
11268
20051
4392
16319
22476
5054
14393
5888
16256
5815
9330
25937
6948
15325
12299
5907
9714
13695
23463
11656
16063
5580
16660
2058
23553
25356
10400
9905
12384
11406
14985
13381
7988
22080
346
11183
3035
7214
25699
11776
8415
13623
13624
7293
18615
15897
14650
16431
13203
24710
24711
24099
19155
9293
14516
18393
8403
13826
23327
20452
22828
12247
17396
31427
13636
6180
8648
22941
12855
2033
9937
2958
2959
8435
2888
4722
11491
5687
11493
9594
11561
12279
14894
8898
6383
3286
7650
17575
10926
4398
11883
7856
10294
26443
9805
6346
2457
7835
5696
3476
20932
20154
12975
11389
12475
8248
8914
9117
9789
8188
14188
26477
9685
24236
10884
19102
5743
6567
5634
18562
3926
10306
6815
7837
6171
9450
3650
14002
12308
10548
18082
3097
25254
18160
5520
6218
10409
8716
13375
3312
20265
11093
13988
14765
15791
9717
11607
6689
13507
19311
14269
4071
4514
6769
11729
2350
14955
15445
14802
9893
713
20524
5644
6557
2373
3561
12286
2603
4349
5584
5585
8687
17175
13015
24298
18648
23226
18827
11161
10875
4723
14246
7203
3419
14515
5480
16707
10158
10159
5495
14852
26792
13609
11075
30187
9957
7580
16210
10842
7801
11563
8761
27767
15950
12128
18044
22410
18632
4300
15401
15402
7960
3777
23650
5953
13022
19548
15347
7815
7696
16156
30112
14847
9491
8278
11483
11471
6445
9124
18662
18663
3428
16590
4990
7231
5697
2499
15852
13716
9168
7423
5357
19569
7524
13481
14965
17016
17289
4290
8037
16872
14878
7745
16562
6010
2911
10050
12712
4664
6077
24829
14580
10169
23195
7826
7012
15333
6530
18498
15914
8565
7262
12640
10441
14352
9087
7666
11132
12269
26596
26117
17524
16603
4589
1641
10549
8829
3301
9633
4714
12774
12325
6879
3339
13386
10323
15542
10744
9699
19461
12049
6020
13983
23339
10870
4555
6493
9613
9142
8187
10810
13646
10291
10364
18081
12737
7027
3191
30176
8698
5517
2822
20216
6868
14455
11475
30373
7886
14866
2519
22157
20971
5002
7166
8331
11901
8870
2509
23991
21988
7015
13611
3069
18125
12400
23449
23573
8849
8449
23746
4573
6602
18322
9952
3912
1131
9344
18625
22522
15622
9442
8981
27260
7082
5420
12409
28030
20408
19335
24425
3660
17876
2939
11411
12520
3642
8749
4105
4104
11270
15744
10663
3072
8809
3046
13263
6126
28043
5542
8391
6566
9041
5044
7216
7500
14280
9606
7938
11336
10768
10769
10770
22388
18882
9769
549
1941
12581
26221
28028
11823
14238
4352
12235
9653
9690
5622
14103
7291
7909
21696
9665
2438
6554
7347
2648
8663
24571
10735
18850
8660
13145
10403
11178
14785
12435
15156
13924
5280
24702
24703
17079
7352
15598
23948
14214
25484
25812
8529
6572
7125
23106
19066
13394
4830
4829
13305
6829
6862
23665
15083
2365
23779
8651
10859
18038
10857
10858
7433
12095
3768
8706
1439
18407
5458
15033
18444
19724
13296
10839
17357
13561
13827
25425
16162
23445
25412
31917
28887
26969
13464
8301
11498
10431
15497
20291
18634
13370
10729
14830
4394
7051
23563
10794
17540
10597
22452
10664
7185
17006
11310
15639
7916
3379
10665
11103
12164
4123
26044
12656
11894
4733
13283
12081
11482
19294
15256
13998
12679
13347
13261
6849
4689
5049
11778
18002
13524
13991
5514
25467
24215
18703
23842
12468
17050
6573
936
7474
7859
12894
6000
18811
8537
17431
22092
26494
9995
11704
2431
4049
17234
19703
13209
10604
4045
12818
4892
24329
12926
17615
13450
5586
14702
14160
14859
19404
9720
9807
4189
19115
24591
5282
16693
7533
13929
13273
10481
11494
4315
8970
9346
7887
23618
14236
17097
28105
28106
28107
24717
8119
7962
15884
27060
13791
4322
12971
7207
1550
6047
19940
18485
7730
22518
24103
14782
3506
15376
12230
15387
3707
12129
18821
2293
10815
20790
23705
10105
10106
25874
13051
15680
23424
5019
16150
12077
2048
11713
15396
7074
9719
6982
13061
10082
9582
5749
28949
5801
20793
6645
15501
2964
4541
17008
12550
1492
25051
15774
17437
1477
17732
7323
16410
6096
14904
17199
8453
10417
12363
19554
8034
3244
8599
17761
6449
7659
9227
9229
1480
24420
11800
11801
22013
24169
24170
2564
14932
26801
6553
12763
13818
10898
5960
12646
18359
7736
18542
5873
5874
12028
14064
607
5895
8021
3725
4756
6885
15091
16368
5829
8357
8358
8359
6027
6587
26112
26113
15124
11238
6357
9831
23707
13363
10564
13404
14510
17049
10625
17314
6588
16445
3348
25003
6676
2171
22499
7601
18534
22172
5954
6601
30224
8583
12191
4788
9814
3591
13437
27664
14305
10902
17493
16663
22332
13103
13104
9264
13550
22989
8699
743
13876
3963
9178
7434
13792
16119
6518
23160
9577
9098
21980
21981
4366
11392
6428
25400
10994
5657
23821
22347
5539
7126
8747
3685
14497
9005
9189
8255
10177
10260
15670
3845
3646
9103
23433
16484
18399
17738
23685
13840
3205
27081
14203
27477
7990
6546
18712
25024
24662
9321
12345
6324
12051
17927
8474
29542
25022
25023
15823
5778
9275
25468
17209
11995
14603
14604
6391
5641
11570
1409
4826
5190
6810
15014
20849
4399
11237
13661
17297
24773
14130
7901
2528
6392
9530
17145
10206
15460
6500
11212
8211
16001
16442
15903
23559
14282
22929
8506
387
7361
4185
22482
6582
6583
6585
4180
8841
14312
18699
3518
7469
6988
11165
18859
4346
22048
16684
409
25423
23082
7775
15453
21467
17433
8667
3297
19006
5509
11266
13421
11978
10338
10339
9915
16483
30822
15251
22515
9192
21138
11011
26634
27370
17559
13476
10581
8421
28425
20801
28319
9241
9242
5569
7247
8771
1826
10687
22906
18531
24638
6492
17154
10621
10622
4571
5767
10010
16683
3274
15466
5751
3958
1912
5133
4477
14681
8629
23734
11026
8659
23620
7101
7680
3497
10590
11941
1066
5192
15589
7091
15142
12786
1875
16893
18622
29736
23144
5565
13265
18332
8799
9734
9735
16955
8325
19202
2112
24346
3999
7863
7864
7414
14761
9298
5817
10758
15200
22911
6458
4129
22209
7906
16419
2312
12803
16518
20570
16968
9191
26829
3113
7308
1621
8139
12946
12645
8768
23660
8065
6219
15926
6028
11921
16658
15469
26092
9403
28473
13870
10742
7576
12641
12942
2624
24174
6973
13130
11006
22781
22504
3239
16830
13754
24694
18954
24564
13672
24674
6451
9882
5690
13438
4882
5549
5244
23481
3174
25317
1204
10283
7379
26641
11900
17153
23847
16112
15951
7105
14795
17791
8413
18490
11290
25682
17288
26293
16365
14540
9380
7977
11505
8661
7348
11777
5005
13811
17907
12343
1429
10844
10616
8412
12637
13279
13887
11744
12751
5478
10909
4150
16448
1783
3413
10513
5017
5018
8472
5263
14453
16167
4521
11790
10035
27497
4198
17820
14879
391
18633
6932
2161
6934
12839
5229
325
17508
10126
5529
10179
2326
4444
13211
14101
9724
9269
9718
8069
15679
19646
3606
3030
24047
23337
25165
15068
19186
2771
7832
15098
11341
7910
6317
9365
25096
9221
6415
23421
15447
5375
24094
9206
13836
22007
6183
17295
11013
17829
7779
18179
7294
4343
24107
4351
25531
11647
15432
8542
9302
6085
15855
7987
6864
2168
26435
21011
14271
8402
12216
31924
16471
16790
6185
17311
26055
7072
7642
16525
28447
16513
13574
2767
23976
7068
6951
24200
14631
22626
21891
22729
8637
11032
11033
8076
6725
6928
9845
7335
10108
11316
23792
15150
4341
4397
14259
1511
7139
19530
8946
11276
14661
16909
11668
7578
11495
11496
12690
8528
16452
14602
17162
23999
14057
12545
3409
20873
4527
31331
18855
8320
4699
10697
9667
17847
24080
891
16169
3501
13183
6296
5998
12226
12227
9750
15907
21632
13039
5827
29260
8596
18927
6076
10974
2588
18683
7648
12651
4717
4431
9681
10947
10033
13647
17353
10020
3874
11708
11945
6742
13030
17017
8459
29276
13575
13576
9011
8897
16699
8517
14656
13142
2118
23262
23265
23266
1841
28747
17499
13300
1191
11147
12383
13800
20415
13053
7407
15801
10970
17285
14442
1519
9402
13795
11278
2439
15103
24458
16273
11174
8502
12541
28276
12809
10188
18388
11577
14707
9186
23286
15346
4877
13585
17023
9702
24448
15776
18205
13753
8165
10116
12281
5276
195
4811
17568
26029
4913
28136
5284
16979
6881
4925
11642
5970
19735
24970
2132
9219
15839
8279
5533
7758
7568
4499
14054
12717
11873
7087
15633
13846
3110
8859
3952
23193
15561
13101
2677
9541
8151
15317
12827
12826
6470
15526
19784
16023
10284
18023
25553
11807
11808
4685
17708
16434
10137
14624
22179
14738
11633
7843
31636
11317
2225
20269
4182
1385
5072
5073
16488
10582
12514
7103
18681
16378
22437
3146
10065
18832
27644
21744
2586
24939
6064
19490
10536
14495
12663
10275
12357
5107
10724
1830
12014
21460
23404
12948
8491
7482
13962
13128
18945
14252
6814
8026
9523
17138
17148
1341
2131
8721
6249
8141
12599
4425
3132
6770
23465
20124
3445
21472
17441
2266
6300
12186
13805
12538
8649
11426
9360
9040
17303
12852
10982
6289
16636
1090
7376
3267
10848
24577
25857
16361
18427
13852
14536
1590
10862
9571
25505
9907
18405
22225
1691
9650
30578
5388
24830
13809
11037
15808
15022
8030
1539
15790
11346
10354
21964
29904
4001
17726
13989
19841
5810
7582
1992
27297
17678
17679
6134
5512
8395
14499
10672
1062
26930
15260
8858
22889
24338
11473
9338
10393
2699
3443
14456
17216
2861
15011
8850
9874
6265
28328
5482
6413
18217
14781
6526
12202
15873
21081
5126
18410
820
3134
27696
22856
8336
9800
15448
8192
7062
10084
14267
18823
21003
5769
13994
16029
12003
14208
7060
1423
3861
15688
8891
10651
27283
9295
9315
14432
7438
16556
22489
24706
1869
9567
18116
3717
17308
14127
10643
17996
5794
9369
8050
21454
17682
10701
21450
9385
18934
4483
8770
11615
8669
17587
6354
12582
21076
11826
13255
16614
15845
29041
7257
24423
24467
12138
3692
8275
15520
14496
3984
23533
16464
17180
23325
25725
3807
16457
12159
19206
7746
9900
8767
20646
19730
12891
21320
17334
16971
14365
15394
10589
27111
11420
5719
24708
12616
22034
4323
21245
10785
11997
19709
9891
14535
14640
31081
6702
6283
9155
11675
26269
17935
18833
9134
8927
24583
24584
14762
10381
8170
10174
5485
5279
5266
15111
13400
8350
6214
22204
17124
2360
11786
17775
6861
17675
7020
8911
10666
9533
22455
8055
8056
6023
11851
4526
5919
4459
22951
8373
2263
24525
3157
12374
12781
13584
5153
7592
17052
8353
23469
4008
12834
18219
14205
17376
16731
17526
7928
3454
24312
9525
25325
22758
12080
8922
12082
11860
23138
14813
17013
7817
10522
12761
17586
26086
11405
12525
12722
4924
9617
13627
15190
8764
17850
9589
17139
26705
12461
16173
28990
19114
27880
12295
8838
12511
11514
13699
15943
32884
7850
21630
13083
7985
23627
11478
19582
22545
22160
12492
1828
13332
12355
2544
16771
8070
10877
22609
2352
12700
26012
14704
19998
10442
18092
11209
12808
19143
26376
9759
716
4900
910
18079
16078
14201
7228
11403
6072
2450
10210
4583
10157
9230
17165
5561
13691
4446
9657
3710
15148
11821
14553
18248
11827
11828
11829
6236
6235
11486
7163
8819
12986
9279
20797
21140
24902
9705
24624
14118
14119
9423
27866
15491
8152
24898
13683
5870
26788
28610
23981
14014
17646
8962
22947
19954
11843
30667
12500
12912
12011
15644
6995
4508
8008
29360
25246
8080
9254
9243
9429
25017
19388
24847
17101
4812
4584
14178
731
28361
5816
5633
19393
9930
12101
3579
22949
4205
13070
9625
5914
10182
25776
18980
18227
11241
18403
18698
25076
15784
6835
8822
11982
9207
4688
9174
10423
5507
7734
7733
5754
5755
5756
2100
14615
10263
11364
12064
10312
24511
7983
24818
12630
28485
3944
11907
4390
14525
7032
15161
12207
12208
12210
9531
14142
13072
12302
2344
21950
4623
16044
23154
5305
18770
23986
10376
2683
6659
9217
18881
18395
18039
9204
25278
2619
2620
15976
14539
14820
15075
24835
12317
6233
12275
8631
8632
14404
3745
10790
6717
10102
23747
16020
16476
4863
10936
7791
14853
18795
12331
8426
8427
15013
16963
6240
26222
4721
2384
11520
10322
2485
16470
16228
16207
13019
25391
11872
10750
24931
14523
11285
10693
18018
18218
17259
29348
14157
659
660
15209
9838
6768
16801
6123
16746
5933
7397
25512
17870
27638
3288
18857
9852
14443
11694
7714
13374
1663
26006
26007
17797
2512
13418
16735
6857
6987
16098
15413
6584
22857
12886
13048
19965
15525
2451
12627
9216
6057
12841
24412
15259
29648
19562
6208
7217
22617
9061
8959
23959
21001
14362
11857
18915
28474
23168
23169
23170
2318
18828
13410
10934
5500
17338
17272
8067
3884
10412
10413
18790
20852
12955
8161
5834
15224
17483
5206
13309
9521
9978
9980
2324
26645
5860
4582
7701
17823
17824
7919
23678
8329
16092
14483
5269
13822
17580
12800
29487
8847
17887
11289
22066
6893
24839
8504
11644
14379
14380
4283
20866
4139
22299
7450
25294
14061
11838
14197
23805
23806
3840
7097
13201
4530
5864
3602
10222
3851
26664
18556
14291
9376
7709
7970
2811
24433
7952
22926
29409
7422
16988
22728
14371
17111
5483
7501
16944
8266
7994
14931
8231
6093
15804
15180
7084
7280
25798
3008
12254
17402
28232
22710
13788
14474
23508
18253
22414
8804
13747
8887
9566
11904
11601
14210
14590
5327
16997
19835
14887
5999
7364
12214
22633
22970
23924
7839
13537
11250
12311
8666
11230
11111
17654
14224
17665
10293
10959
22394
8206
4128
8001
25250
11359
23811
16866
8462
17501
15457
6826
5997
11123
7416
9997
18481
9294
5857
2274
25125
23016
8352
17949
29176
9170
9031
7420
9382
9119
2668
12804
3981
19103
10217
22821
6589
14744
22513
8814
10399
10149
17294
6666
16394
10055
29529
11106
6487
18944
3281
9154
11466
24859
13389
9757
14652
12930
7761
21212
6335
22990
17899
26194
9645
8123
13448
4771
10160
17882
15322
11711
18000
2563
15496
19592
7174
23058
11699
900
5022
5304
14910
10583
5182
24929
9390
18467
20744
3899
17521
22910
2981
11516
22746
10732
12198
18507
13639
3818
3947
4888
4889
11331
11926
7673
19904
23242
15648
2898
24700
29018
8836
10603
5148
12838
29372
8923
11257
25590
12020
15949
13958
22176
10961
6859
11730
28930
8079
7716
11925
26155
24987
19639
12368
10633
16406
26576
16070
17073
17802
11020
16901
26227
10787
4432
6232
7980
7457
14004
1127
9833
10076
24471
23074
16734
8272
5160
10404
8289
16704
32795
10136
19064
16389
16819
22350
16567
17494
22220
9418
4916
9828
9829
6318
13264
1348
19920
24104
4401
13871
6991
9197
9198
20441
7057
27024
15179
12490
2741
23816
7192
9008
12122
9732
13802
7755
25081
11064
3870
18932
21377
6503
6505
7661
13654
17513
4429
13728
15759
22891
5241
13948
22996
18060
7806
1444
5554
22284
7366
3580
4381
1541
13152
15960
11979
16847
17074
31637
3423
3697
15017
4554
24258
11654
16268
28321
13165
14383
18361
14256
3263
19076
14303
11224
17406
4332
15578
8593
22343
11789
7948
9354
4064
10026
28184
16073
10738
6368
13812
1797
30054
15238
18236
16420
14509
23828
18238
18239
14006
12560
25563
30919
22938
11846
25370
7199
16019
10905
17065
7968
15430
27133
12305
11595
23664
14349
3979
14882
17557
8681
13723
10506
15987
17119
16375
27972
21057
12868
6229
12458
6558
1893
18278
5332
5061
23054
17076
17077
3140
16784
10743
10955
9858
15288
15289
22100
11665
28795
23312
19060
10202
18894
12655
17276
8496
22668
25760
3391
7019
7728
4757
18261
7600
16673
29132
10827
15581
11535
15616
11304
17647
7718
3282
13246
26275
26276
16951
25439
4760
4411
27363
20419
25619
18846
10240
12104
14317
16109
6226
17081
9888
8812
20063
10634
3230
12319
25366
10226
13667
4260
16652
7014
22071
18493
11896
20267
14867
15348
14350
13353
18509
8220
3681
4686
11593
13471
25889
19376
11506
8094
16088
17948
17917
8390
18001
19289
8724
9844
23047
22372
16853
17345
4006
5426
11971
6284
17003
1989
6374
11583
22780
11521
23732
1065
10985
9542
18731
12185
11501
3394
26446
6262
9960
9508
11115
20640
12430
12515
21609
28871
1975
18530
9326
12086
11436
6984
7698
10705
7137
13686
4744
9486
17038
11313
5419
14880
4606
11296
15408
12537
4753
23402
3914
10457
10534
2270
4845
22705
10692
13492
10288
16507
22070
17103
16833
22467
11725
8611
6726
10287
12881
2203
24636
11550
17129
5189
6986
3246
14473
10365
4373
11446
17354
7508
17799
4970
13253
12231
10042
11749
7009
8374
6159
26533
19260
12510
23762
7212
15248
11045
17648
18727
18460
7586
11871
20078
8054
11530
23934
9605
21151
15992
17474
5858
18099
8673
13419
9381
24532
2430
24820
18247
1143
22958
9296
25227
12091
26282
8311
24893
13159
3389
18870
7873
11683
19667
24231
21172
638
24232
22584
6427
7036
6406
25511
13681
9495
6230
9725
20132
23702
8522
4363
16135
8032
8033
24738
6060
22132
6650
12766
27733
6924
4716
8736
17320
20608
15872
10121
11841
20035
17699
14172
18533
32118
16914
14248
25421
14488
6795
6463
12437
10092
23246
14316
4364
11897
15168
10300
9317
2052
12688
7992
13704
19606
28192
18434
18250
14332
24726
10060
14508
16778
9452
4442
20984
26640
13790
16033
27089
14925
5362
13042
5381
11650
13429
14138
11624
22749
20933
11012
15495
13742
9090
17908
17488
16956
31775
14422
26974
15309
13469
25304
8367
6414
14505
24272
3226
19063
8722
22101
13277
15599
23616
28009
3791
51
16030
9097
15978
23413
16407
25175
4309
17193
13005
12487
22105
10657
10658
28982
26174
7688
11785
7922
22838
15193
15755
7151
19436
11892
4095
22693
7824
13295
12050
7777
3053
26537
4904
5177
10346
18903
10940
6925
3311
15055
9425
23794
8696
13985
14756
7979
17352
4036
4190
25142
11374
4184
7536
10734
22529
6698
26028
9572
6753
11720
12916
5920
8929
11579
15109
16917
17515
17514
23782
18177
12848
21906
14010
6679
13324
20750
14144
26421
20751
13906
13907
18465
24884
5631
12730
13125
16075
8895
11606
9039
15523
13154
23009
8582
3932
13087
11721
10168
15369
7544
27512
13954
1977
5927
17844
17979
11460
13619
13275
13065
11794
11802
7446
9222
26301
16067
9396
2253
11223
9395
13293
16502
11407
1755
8868
16860
13254
26408
16177
24108
21405
30971
17817
21115
4601
16579
15974
9649
7452
10292
15240
15230
23390
22776
27100
7610
15797
14571
23114
14372
3720
5175
13137
29257
8063
8917
11599
12189
30902
6036
16501
19729
5811
17240
12043
17442
9249
7161
9849
22249
2147
10165
10852
31773
7689
17475
10631
12779
6837
26167
13310
16602
4545
8286
8242
8243
6514
10250
30749
10057
7050
14009
2751
13312
12865
5750
17626
12378
29275
6166
16490
23820
18102
22256
8047
17451
19288
9328
13505
6895
15715
4817
19742
11998
747
18690
13181
13225
5011
16121
27262
11373
12219
20041
20993
22808
6495
9763
7156
25299
18545
6833
23175
9301
9078
12554
10304
7935
6074
3575
12617
7096
19788
10406
11275
13479
18113
18013
27670
12168
9247
7874
15566
6266
6330
11837
16774
12623
12624
20999
29859
24787
17989
26452
24268
27287
14673
22794
16547
28309
5635
5636
13008
2711
13333
23599
9487
9488
13393
4176
4357
5364
16719
14597
15816
19581
10272
4140
2781
5764
9880
23640
10238
16642
4441
21801
23153
4515
18675
5169
4604
13999
25453
28666
12635
24070
1313
10248
9861
20340
5215
6205
5781
3249
3862
9166
7119
5350
13930
16720
8772
18834
19519
11930
17309
13147
15952
8089
10455
3102
12759
16080
28591
15762
7261
3128
13749
27621
28985
23692
8305
15878
10891
22269
14028
22328
14948
15316
3532
26233
9323
8730
3695
15568
6878
10937
28823
10274
8020
18854
6993
6430
17951
15794
8282
12433
15320
19906
10410
2127
14218
8945
23303
5104
8285
12457
16049
9348
25485
13346
8568
12314
9086
15223
18820
2406
17432
22197
8162
13737
16749
15904
28867
14593
22358
4084
11245
18659
9749
24248
13006
14110
6062
8038
22854
4396
9373
11706
5205
25242
14956
29240
14709
5009
7883
10575
12687
8604
5606
5607
9006
17685
28130
11751
22481
13218
14083
8855
11098
9706
19899
5484
18819
17767
17864
25033
10868
21985
8044
14294
22224
11188
2895
15519
2313
17365
15847
6182
13621
29657
21010
22621
22622
29188
8983
8297
4065
6436
18006
9928
19040
18398
14264
15965
4158
17227
8585
9427
13454
7803
14227
14228
11825
13402
24975
24977
15641
18505
11791
24149
20654
20136
5945
7664
12364
14086
23597
9305
26859
12100
16569
19539
5157
11845
2183
11293
16388
17020
27521
22088
14356
5797
8369
7186
5568
2262
22166
27353
22213
15594
6898
15474
6939
27669
24279
10906
25897
1743
16235
22923
7324
9593
19852
24873
14712
24832
29965
23876
24240
10713
12874
14973
23448
10807
8975
13466
19332
25238
10309
10209
12796
27643
11484
10803
25609
18231
6424
6425
6426
12862
3238
15078
22484
13046
19382
12211
17959
27203
22244
17816
14924
9527
6894
7134
15487
14052
4453
8912
8913
9817
23130
18042
13688
12024
13937
4439
3546
25365
12780
22956
7275
8202
12614
11308
18181
7624
23103
17393
23804
5682
12996
12177
10505
8924
14884
4375
7255
21156
18591
20964
8028
13565
22056
15416
14900
15398
18316
25649
9147
18567
8694
4199
10402
4450
9128
17943
6970
11830
16136
5272
2960
15573
8154
26882
26881
16529
26912
12471
25093
4378
23252
9099
26639
7430
13546
12013
12015
23520
22374
16242
17713
5131
19329
17895
7442
2413
13828
13772
22434
27474
15335
10280
5645
12992
14091
17265
24826
10138
8939
25381
11590
25953
4841
11069
18888
8060
14550
5235
6485
7599
10155
9460
6524
6774
17456
6791
8560
20626
21069
21070
23071
28978
8288
28343
3153
24882
12055
10330
16712
7426
14685
26229
18963
14526
4244
18186
13040
15265
2453
11168
26287
7204
17207
12864
18307
12340
22035
10704
10757
14163
12633
11818
22798
5745
10723
11943
3921
13986
23315
9887
18660
27343
15785
2186
16459
24862
3310
10224
26440
16759
13289
11974
26087
4328
8837
8892
11117
7717
12523
12524
13941
10598
27905
12438
19956
16111
11611
17984
8779
8780
18153
865
21990
3769
5759
13700
5840
25633
23148
9556
25964
27419
17993
7071
13348
12307
1076
23437
18344
16069
25720
25721
25722
15456
84
20319
8140
11343
24198
16140
20963
28558
8886
14451
1250
10684
10761
7895
7896
17232
2506
17498
10005
11381
8866
6985
25034
23851
25702
14915
14916
1005
15535
6786
16349
16348
23293
5783
3401
19055
9683
13461
24735
10111
24772
10568
21703
27064
18411
12989
18246
13607
2395
7836
10992
3442
3880
12037
16494
15545
8737
9001
18377
18379
24488
14021
5825
4619
11215
22106
22305
1845
13570
14053
8327
19870
4969
14791
31729
14561
15868
5581
15553
11145
31567
12976
17137
22987
21043
7315
9592
23005
14148
9332
15302
7954
13765
21303
12466
25493
18187
17544
11401
11287
10833
16967
4654
18547
13984
15500
16037
16668
18070
8867
12278
1761
15114
27958
25581
14414
9793
19764
15212
9991
21479
17826
18639
15684
16104
9946
8299
27682
29942
7565
18448
19527
12552
8229
19625
12784
17803
10113
3833
24551
30330
11884
2514
21535
24901
9012
8533
26779
13620
15107
11567
20688
6290
13684
11332
4118
12906
28093
2032
17785
26278
24661
18019
14824
14768
1614
11723
15939
11779
8414
24090
668
22206
13270
15339
15340
9723
6420
18560
27865
11152
23454
22287
11693
4939
13919
8633
12187
29934
15226
11500
9843
27764
15902
15245
10426
22827
16035
6210
11377
30146
16837
17025
14736
12959
11935
14433
22506
12968
16924
9604
14609
23866
15558
19364
11028
5621
11569
22537
22538
11109
4018
24310
29647
28937
22266
24039
22074
18428
18429
21428
22636
23108
11638
4614
30141
9130
22392
4873
13848
23715
9372
16486
15636
23285
6940
19677
7699
3511
29778
18214
2750
12111
26191
9671
18431
17582
12194
8977
9177
5582
14099
15813
16764
21969
17205
16354
4980
12882
4406
25496
9455
5156
13162
20024
14783
9722
13629
11087
13850
17412
12551
30324
15658
10856
13001
16304
7547
11664
23899
14896
14677
23858
28929
18674
16400
14162
6168
605
1246
26682
8919
13864
10717
16768
9468
25481
16175
10486
18368
27001
22190
18618
3868
10570
9575
5613
12987
9413
11652
29519
6453
25015
14638
10637
14377
12589
12427
23336
15890
5029
14665
6707
12775
4734
14648
4935
22108
26601
13829
14088
22850
14295
13971
11052
18443
2339
8743
12592
29891
6560
22383
12727
13877
14493
13679
17814
5343
6117
13257
13023
16665
14724
6088
19093
13816
13817
19459
22310
12462
4075
7548
5916
11476
29073
9297
13094
17855
12429
18760
15186
3781
22754
29341
3468
4999
12704
9565
18461
14827
14046
14231
13960
7362
16018
9356
11565
12418
6923
20574
22431
4594
23239
28703
23960
23807
25078
16930
16931
13552
18478
9698
17184
1604
5211
2968
16514
3495
3496
14560
12982
8969
9045
1218
4947
11959
17416
14313
12840
15849
22469
24927
29957
18502
5879
23243
22569
24079
9746
8857
25695
17407
13229
13778
7350
11254
13912
6045
6046
16802
12619
12620
11181
10277
27049
9036
15932
11758
6228
16674
11695
16836
10071
10427
14688
17084
10772
17530
9063
4851
19091
19726
4872
6946
22991
14062
7908
4908
20920
15213
22890
20295
26953
6983
12454
15262
17021
29353
11748
25858
755
4254
11866
18346
16155
18710
7655
7269
3990
29034
9203
7905
5321
17131
12480
3040
11344
26527
18260
15372
20098
12760
13367
23474
6143
9355
7058
8343
701
14430
5779
11192
13067
26314
12785
17075
22136
8715
7876
30740
28242
16640
6029
7305
5491
6481
11914
7506
9030
20361
15292
5501
14401
17040
23496
17534
4294
14790
15885
15886
15887
23309
10276
8566
24022
6700
14743
27719
18150
8986
4320
22164
18426
23276
12739
17871
19847
10978
10341
15306
14637
15307
17059
15463
10880
3967
15720
2666
12380
18626
4487
8524
7813
9466
5000
6447
8777
8778
11225
8148
15425
16086
8240
24408
4213
3686
18645
2913
7976
9707
17134
14364
25257
16148
24417
12272
16068
22058
13910
26464
9430
24953
11722
6199
11305
15382
14347
9054
9201
11444
18677
8748
8088
12791
17566
24429
14436
10501
13564
12175
12176
4587
16624
25826
7219
10199
25847
21051
7865
12532
5094
14399
17293
8979
20247
17157
14857
15895
3517
5367
8511
24623
24657
7705
14029
7792
26016
13451
16806
18157
22927
5699
22424
24971
3049
3051
25558
15507
22331
14754
11312
18321
19763
14202
10690
15651
9878
13184
24454
12310
12038
19048
8043
18449
22589
13506
15750
4562
11985
9917
9918
9919
9922
20732
8594
4165
5100
14988
13685
28415
20836
14276
16571
12573
24915
11511
15009
10872
8280
22532
27722
7053
19533
6533
27332
3207
9259
5576
14819
24719
24720
27086
14908
11450
17681
17968
23653
1067
7131
14600
22791
16351
27079
21335
13659
16962
6323
12876
12877
15793
20377
10256
24660
11937
12240
18216
23477
28357
25048
3101
3103
17709
12059
11421
8195
17790
16582
5521
16467
8031
5414
15711
8210
16123
9687
13980
9131
17611
8378
9397
22329
8974
8213
15360
27403
15473
12239
20150
29284
8191
5575
20864
20091
23455
13901
12116
20180
26884
13656
12919
24222
26885
13233
14789
25834
17471
19370
24388
10558
8273
2518
4564
5771
10307
15748
14520
23946
3680
7373
7372
30094
8458
15653
11863
22676
14170
11733
16178
15638
16639
19460
15710
11443
31550
17961
14835
7230
19226
18057
16437
13547
9632
2696
14749
13258
7333
12006
15956
16147
21817
16428
12547
10305
8853
17322
26738
6272
14209
16007
30499
29030
17903
20254
6968
26065
765
25228
23776
17058
1155
14693
28845
17789
13329
22097
8683
24247
3386
7461
7309
4506
9538
17688
11942
25873
10627
17602
13182
24426
13652
22510
6541
24990
13558
22976
9760
13762
12171
9666
24013
9363
26868
32010
32011
12495
11850
15934
12025
15621
15731
16697
29068
14844
25245
14845
6897
19445
7769
19996
11944
30616
13405
6856
15592
10993
9003
3986
22992
15121
14918
22517
24409
11438
23124
19620
8578
26203
26204
19007
22083
27907
17912
18899
25222
23208
15567
7743
20020
27217
12324
18435
17617
30390
14585
14465
11000
14195
17100
4948
6713
10001
4777
10850
18574
11105
7179
14274
11867
8487
13577
11371
12921
15350
15351
22535
6071
15544
6452
10463
8613
13527
14494
19960
4048
7530
29614
9504
17435
3480
8178
11461
27463
16748
11616
24100
24102
15446
27757
14776
18602
10783
17752
2829
22463
8011
15441
7377
15049
11362
3178
18324
12676
17063
27688
25705
26322
10043
7641
15087
23562
28955
23980
13434
4550
16780
27247
5740
9351
4362
4544
30320
11061
5141
20384
11464
10759
11955
3651
23294
6008
26290
12455
8147
9903
6980
24716
13516
25419
21976
5338
8654
29688
15708
15742
12564
24365
18016
14382
6409
17250
5714
19427
24293
21423
22483
11763
10671
15775
27802
8134
8135
6680
14829
10259
24565
25115
14538
18282
9777
16340
15778
15611
9686
9547
14821
7120
10832
10535
12711
9383
12119
22155
11477
9023
14766
7312
12933
10998
24637
15718
25859
13693
12246
19830
29865
26449
14192
11218
16055
16613
23313
13632
10515
7617
29072
25517
14484
15119
10389
4997
17177
7342
18810
7672
24553
21873
13338
26300
15944
6619
14970
4944
9913
18551
15642
14787
978
2110
14346
13206
11432
25335
7881
16982
12911
14947
6637
15516
30695
23492
19167
14717
3863
3864
15293
25114
24715
21592
12423
26265
27834
25958
19399
11453
8214
8954
23926
24857
17419
19573
7685
5262
18315
6305
12241
24372
7503
12365
18510
16993
24006
22462
14292
17897
3508
9029
1956
1957
12370
8112
13556
5952
26381
26420
9287
9835
16038
5392
4270
19313
13349
14984
9581
22642
15773
13708
8626
7915
11233
6682
31887
10746
22731
10374
8574
2086
10889
16948
19495
11228
12549
6621
17450
9118
22997
22849
23122
6050
5181
11927
11334
12888
23080
26038
22407
14424
18416
29927
23196
11375
13745
14883
4608
18796
8451
19707
16091
18237
6264
11167
10873
12130
15421
27503
5782
22494
12941
22495
10444
3449
17529
7175
16621
5212
15990
26715
29896
11269
28743
21304
12382
10609
17060
19629
18145
17755
10185
16082
9868
16364
23549
7385
23123
12901
22817
16588
30871
8448
26647
8539
27285
7944
18764
6657
14444
14968
22675
28781
21879
16251
24366
27444
11353
24020
28615
14873
4096
7040
14489
11988
16334
16626
1234
24167
7961
10051
27386
16679
8317
20350
27117
11295
9536
18384
21883
4921
8818
6097
24854
23223
22576
10161
13222
8623
26037
26519
15713
14284
14285
14286
15143
18076
22247
9437
7227
11306
11957
15299
19873
9712
4017
4738
5656
23855
16889
27888
18937
8645
8287
10164
15444
12486
25276
10451
23497
8873
18575
12819
9770
516
12315
11340
9472
6065
18529
22069
23817
29232
13449
10786
16848
4067
15287
18912
27404
17886
25474
13803
8621
25977
4400
1606
1607
19177
26100
4334
17195
12621
28209
3623
11951
6246
26642
12648
14476
12320
19111
31054
14986
5233
15189
5115
5289
5291
17218
19252
6577
12721
27754
22087
7080
11417
30702
3605
10162
9574
24969
10648
22719
13122
19881
9231
6429
21189
8228
18265
18807
19009
6373
4603
3513
6649
19558
25586
23550
15830
23354
25934
18188
10204
28371
14959
9035
29296
14113
8097
8973
11547
6195
27059
25961
8330
18122
9973
5427
31254
2096
8971
4754
17394
26458
26400
16230
14735
17069
17390
17670
19978
16584
17978
8253
14239
10573
5861
5990
15603
13160
7549
25445
25446
11703
9709
23380
14315
30069
12859
17305
26461
11203
13720
17500
15381
11050
5040
7819
14680
4750
9378
9615
13060
14087
26808
22810
5429
5287
9110
16617
13170
16469
25248
22969
1892
2903
18969
13411
4556
5845
8375
13409
9337
28852
26403
22024
13111
23706
23726
26690
18223
20182
3867
3323
18919
17301
24190
10262
20129
29427
9246
17455
9966
13538
20923
11862
27230
12575
13677
13124
13725
6462
27488
20826
12421
18613
15511
15185
11975
13378
16710
30849
8625
14428
15051
3903
14036
10036
21000
445
11465
10447
5352
17143
28076
13509
10714
12436
20062
31921
22221
27240
3571
25008
10514
23185
17507
10636
21973
10297
7024
23744
3668
13032
13732
11690
11691
17834
10688
10115
12956
20336
18074
11116
7505
12337
29505
7415
15827
7532
7713
13190
9070
14068
16910
11931
10530
16157
11887
8452
16669
6718
9018
15608
13522
2331
15061
6001
12318
5903
9364
3011
3012
16283
18459
6840
16327
16053
16524
14369
16209
8126
14301
18220
18541
14090
12726
25046
26617
18579
6914
7460
26977
15687
13768
12709
12710
28022
7492
8355
20601
16474
13325
16763
15045
27771
14598
14400
11363
28378
8740
14235
4669
26218
1435
13898
22448
13383
27558
27559
26224
28848
7425
24891
11812
18871
22892
24994
22214
15077
26273
18717
12371
15404
3622
23943
27977
23034
28600
17278
16732
8025
15467
5310
26548
15857
17846
16912
18504
2081
30201
14171
23970
27200
11932
3190
12188
19144
17310
9187
19027
658
14250
23691
17757
17159
4348
22212
27365
18148
4516
7504
8319
9306
24779
8909
23085
23290
7327
7560
15628
10881
7884
18608
18474
3255
16597
14708
10046
18525
23987
9545
16013
11522
27502
15073
8520
11202
7064
22307
27462
10432
14981
24056
5150
8337
25088
12309
19049
18808
12832
19615
26419
10855
26317
11824
11138
11134
13025
9411
11076
17152
24480
20779
10951
27948
25243
7221
8225
3689
17795
23116
18672
28864
13729
8185
10913
16551
1806
11439
20717
16482
10352
8064
20248
24491
23220
14828
17022
388
14719
31360
21264
16249
21389
23015
16796
6964
8707
4561
12756
30065
20401
10156
21029
27873
13366
9047
9048
15532
6025
2716
16950
21378
23043
17641
3858
12397
3915
28890
29579
11743
9955
25830
18680
10495
5670
13223
16468
9516
6751
6478
16637
23593
8776
11352
24906
25864
19995
19021
11400
22043
16625
16247
10473
19039
15279
16439
19942
24245
24383
14811
9185
4280
4281
23647
12287
23879
17703
11783
11009
13957
19170
7700
769
25636
18743
16523
26722
10753
20028
18135
16101
23274
11996
7049
8570
14579
12607
16873
7384
25159
5045
23101
17405
18221
18898
12626
13280
30571
11889
22009
22433
27986
12528
12913
24675
15125
19134
26814
5844
9562
3169
23019
9745
24985
20487
26622
22565
22230
24557
13188
11737
25414
26451
20448
9276
8978
18518
10628
7303
26815
21968
4486
21779
17466
12338
23788
18363
8057
8058
25767
3057
24814
22125
26021
14480
9879
12353
20251
17991
2083
9992
10781
18552
9821
13597
19680
22400
8662
14747
7487
19227
12040
26613
7386
9985
13208
10722
28694
14137
15252
10677
10676
14034
21448
14289
13808
13009
26059
22227
26060
14325
21921
11764
6752
15264
15620
30344
2050
29953
19992
21982
23382
12094
14392
17167
15042
12961
23202
29140
7844
19551
20595
8068
11898
11329
10892
16160
23921
33568
10741
25730
9453
15424
21131
9528
15714
2551
12004
17538
7708
28142
10563
12953
27738
27202
18382
2790
11762
16478
8158
11390
19988
18213
5326
21732
18844
12358
19935
9764
12205
24113
7795
14991
13376
20765
23809
27099
16655
12243
11858
26535
15057
27375
3865
27268
7063
4157
23443
7408
15913
1740
6852
9744
25634
8302
3275
14898
17047
3601
17985
17751
18048
20185
6345
9464
3477
12005
8104
11414
20937
15829
9244
21548
15266
23937
10069
8314
9456
12833
14191
25483
16356
9539
9553
8751
22980
9132
30353
10313
15090
10228
5677
24538
18046
26680
20842
3756
22095
21144
16913
18858
12300
15208
16983
21537
9371
23096
16744
13933
12694
31197
21635
26323
24890
17262
25256
18794
10948
14930
7170
24887
20004
16248
20676
16622
23237
17190
12123
25005
17503
13304
14674
9021
10449
10310
8614
9139
26735
7184
9806
17179
15675
8884
14059
17620
26564
8081
13029
20454
10178
17593
15892
10047
22030
2748
2749
20303
8254
8180
4687
17055
20729
4597
8840
24251
13102
25362
16740
11221
15728
13914
9569
12812
10236
10183
8901
10483
23255
17201
21759
17371
10373
22019
22691
25508
26040
5902
24324
21246
28373
11445
16295
17565
6743
24527
19150
16139
28601
27292
22351
10252
13249
13250
11234
11055
18536
15277
11529
1214
14368
11667
30857
13056
12360
19806
25272
1861
17598
5848
18863
7539
27800
22715
23393
23963
9756
18249
11681
16397
6998
16815
6960
11918
15627
16840
8815
17635
16783
10814
3910
10053
11003
2242
22344
22345
12696
6206
8198
13041
6882
7417
3938
18604
12936
16649
19154
1942
6938
11588
5098
15140
20697
19780
31355
24449
24450
24799
1069
6714
12516
11769
27749
27763
20385
24382
7731
20197
24091
13633
14297
14174
15435
6309
9277
30223
19061
4631
22401
8616
10448
12288
26812
17252
14065
8099
13589
5204
7829
25500
4850
1033
14980
5223
17809
25041
12703
20827
21922
7921
20277
26863
5623
9694
13093
11169
22479
10834
17465
15699
15768
15769
22492
17970
30377
9120
27352
17221
22430
23511
12844
15577
23177
11689
10725
27544
20341
31110
10644
10619
12376
19053
17658
26480
10100
15858
18334
14797
29345
25089
28108
10295
21082
11715
22946
4626
22348
13975
7383
10652
26556
18417
18418
9710
15877
24048
24049
29238
8015
23172
7341
10545
14643
11322
26771
17439
13096
14949
27194
25066
16781
9782
28091
1771
22012
21420
13286
26139
24003
18503
10040
8447
9497
21174
25329
14902
14608
10356
9361
22500
12787
23676
8078
10709
3426
5837
3124
15412
14626
16972
556
10469
10569
14298
14299
23447
23014
9948
19860
20205
9194
12574
12322
29721
23136
16481
1591
18559
24340
23728
1768
12098
11754
4371
8553
9670
18851
14357
22645
22644
9013
9409
14296
17659
25806
7488
18831
7390
5492
4484
12443
26228
7472
9232
16084
11155
16315
10544
12728
13807
29302
18479
14398
14958
11014
10539
4525
1099
29699
6209
26503
10901
15963
15018
25016
13066
6720
17808
8084
21452
14146
14147
19921
8704
4277
24822
3774
12092
31793
18993
13709
13387
24878
24001
20819
17300
9377
25623
18233
6448
7375
25164
16741
9076
8406
11488
26593
24733
12394
23763
8501
16040
12293
14975
27349
8362
14027
7937
1071
25470
26750
32034
5525
24993
10425
6548
11899
9543
13026
19879
12658
11532
22234
23642
16253
26185
18586
12030
8433
9267
4991
4427
11367
8833
13276
9871
22871
28742
6131
8323
25233
24325
23699
19846
13640
18621
3698
17894
10990
23525
22460
5202
14117
14839
23778
25006
28621
8274
22601
10778
11757
11553
29052
28569
21659
14779
2063
22663
6314
16644
16645
19721
666
9813
15724
6068
24585
15980
17698
10802
13299
23697
2986
18226
9156
24314
9164
16357
22459
8801
13931
25853
3265
12284
18775
11750
20830
2899
9711
7981
25648
1458
23865
23864
13221
17764
17723
3854
29568
6675
17716
14396
16350
19814
16326
9727
15472
9936
21508
18095
10368
6015
13653
12266
18119
20130
15414
17223
14804
14129
9311
11085
25057
22591
12035
4340
6351
9476
11948
16797
19124
5868
12943
16861
16904
6963
16392
8105
11255
26397
11672
17477
22988
23735
20755
14359
11127
18553
14569
27456
21539
23560
26698
16922
21970
2559
15403
7176
15908
24230
13014
2914
28365
20114
10680
11017
10887
19018
11835
29903
7643
16888
23456
10896
17868
14676
29474
16805
19793
10437
14277
15301
16823
23072
16667
18447
23592
14909
20219
15001
8531
8709
7206
24794
10086
8766
7167
20872
23586
16054
12750
29748
26678
26384
16554
11910
18376
28310
5913
25212
27110
15664
10089
14683
15094
6331
21349
11600
18747
4906
15518
20485
30328
19842
18885
27282
25765
23667
13945
28760
13272
27426
8803
7629
7630
16264
3142
15468
20918
16153
16424
18627
18755
10163
29050
9096
7711
24611
22077
17860
14780
17700
22869
25374
24964
1855
23753
23248
28948
24805
20260
29963
14075
24892
10380
10340
8493
14555
4073
24181
2674
8579
30332
12668
15327
22847
22014
4885
9816
15188
12923
7343
10828
15133
10445
27244
15315
6127
9088
14763
6559
25323
15159
9812
23013
24580
22816
12373
22061
10034
17236
9002
14692
5146
25161
14257
9387
15174
27576
18026
12450
13364
17343
23572
26140
22280
22942
17436
13735
15146
21960
18381
9600
30251
12125
18756
18128
18630
15657
25303
18947
11682
17954
27646
27211
16015
24576
16726
4954
30381
1782
17825
17865
29338
8526
22038
11799
21699
19086
11057
24165
26318
14251
16686
9784
24840
28350
9932
25849
14145
11126
23978
27886
12983
6042
10921
14023
13034
5675
13443
18340
24028
26600
1433
2942
16648
15235
7321
7967
28832
15977
19540
4960
16623
22226
13714
11774
18054
20807
29264
9596
14245
11409
27132
28330
13395
19689
4115
12199
16519
27035
23149
13844
5803
16280
9461
5062
17609
14548
6981
9855
27109
25907
16090
20365
3744
26559
30449
23995
10533
15606
11772
19948
13433
11350
22984
23225
2943
11383
12218
9193
29303
9341
18640
16302
21689
9518
31983
16045
18024
16921
7133
16677
11833
21565
22657
13475
3889
17562
13598
25068
27608
18599
21395
8998
23176
17168
14960
26329
19777
13569
26531
6618
12879
21352
4865
25533
23117
11170
18086
15285
26893
30704
25766
10384
25223
26260
15383
22521
17324
15105
11819
10099
17434
12264
15145
6404
6372
29121
23078
17607
7117
10223
24178
24578
18012
15122
18172
25135
28172
29190
27538
11676
19003
21793
24530
7302
26331
17440
13549
18010
23815
18331
19153
16143
8513
13121
12509
16528
14556
14815
14528
4703
17313
20972
11281
10031
21386
13020
16978
13080
16984
22461
18578
12997
10612
23432
6525
22672
11702
15420
4934
11634
15610
15054
5118
10249
8017
15649
17158
15182
23221
11307
18528
28160
23399
14759
16863
11211
25480
17267
23370
22340
4389
10907
17088
22357
7893
30250
27188
15194
24180
13238
18003
4988
21141
24461
18902
6386
24159
6874
9291
9081
26298
10191
14618
17356
11641
19626
22588
9282
8591
15856
13480
11726
14531
4457
18413
20576
9963
18805
5102
11795
17546
16817
18880
2383
22707
14283
14491
19656
10443
7589
8157
5983
19432
8223
26913
28991
22325
23187
11618
23190
30830
16301
12967
13024
25993
17392
12304
10452
12990
10747
19293
9072
14106
11852
15787
14335
13858
5349
16821
4370
29321
18294
10044
22405
14438
23494
24208
28235
25631
6207
17121
16923
17780
25188
20942
28196
10491
13427
4542
16480
13694
12420
2159
20300
7349
21088
2026
26172
16103
13075
23158
13531
4966
15521
26391
26036
9601
24145
26296
11128
19201
25460
8639
6875
20210
14420
26577
26064
24879
6247
14500
6785
18860
16607
19402
14405
7512
21326
8226
16114
26506
17741
12263
22974
15165
5091
8356
19184
13447
4512
9877
25098
9083
21186
31293
14115
24904
6556
5704
11609
6176
21525
21524
9459
23410
14657
26394
26595
19070
28067
18299
18109
10349
14982
32281
13033
13455
17638
25891
13921
7229
28273
16221
6466
24946
10972
24257
4284
13341
15028
22271
8397
20527
26774
13727
24342
23143
13138
19497
30476
14740
17556
628
14135
30209
19719
14193
27781
21341
25084
9137
9140
16618
5887
17072
18960
19974
18593
12143
7481
20212
23635
15257
29389
4713
14767
27508
28977
7336
13951
9202
17438
4719
25367
4810
6606
13406
11666
21829
14872
29594
30035
5886
20386
1707
13500
8701
13414
26373
14040
18191
29166
15618
9662
24441
11972
16050
5035
14003
14936
5106
17841
23773
17384
11617
5917
27487
23997
25784
12684
12950
10640
13752
11386
24616
23663
11195
28271
19602
26550
15555
27359
7907
28632
30443
7663
11021
10503
12134
22139
6310
28526
25676
15572
17898
29104
7085
23079
23453
19302
22149
27758
25948
16702
9506
18245
2070
28386
19875
26830
12306
20379
8249
29567
12806
26607
18716
12657
4353
9792
24957
15407
16520
26784
13903
24207
10392
9652
10879
24474
18007
14642
19116
385
17650
6979
10973
14734
14788
11217
30511
9420
17379
1026
12453
12354
17277
10830
17531
25105
18555
10953
24921
13311
26549
5236
17784
18997
17987
15623
18420
10471
26767
23152
31292
32265
10151
14440
9872
20263
8541
16252
23770
20080
22390
25974
27179
16311
16312
16313
15764
11716
12849
11428
5859
3811
18080
15219
11489
31634
18906
974
6527
12563
9258
11732
26994
18508
6165
19199
4192
13266
11025
23139
23140
17668
7164
16981
15191
27561
13880
23059
14942
25239
23081
13158
27618
22181
3789
21065
25198
8572
19221
17537
24307
18107
14102
4209
8620
6912
24322
24323
24129
21205
13428
22643
32097
24600
9924
9925
15617
24503
11435
18358
23031
17089
20515
14565
18415
9436
5114
19609
27956
9105
23689
11870
9205
19156
18486
26785
26786
9432
9431
30178
7869
25337
26359
16537
28195
15433
5589
14385
7439
24211
27016
24526
22596
9743
17133
25810
5709
20612
24040
22096
24940
18940
18653
13079
1303
13736
22664
15546
305
8291
24986
4816
29464
29465
17241
18847
19090
3236
11175
18852
17147
9051
22982
30548
12422
27087
6359
12233
25582
12699
11016
32839
11041
19664
16062
13938
25503
19732
14048
26864
1432
10552
25793
14327
13322
23028
19169
21145
13328
12019
25946
20560
21397
5616
2516
30162
18350
8713
14468
26500
22365
25127
17257
5012
8115
13054
27213
7778
10244
16522
20092
17673
4054
9062
12828
4822
9308
11002
18967
7712
12132
7707
23491
12372
23539
20389
9916
21458
8745
32682
17329
5773
10411
16141
9435
16187
20893
24161
27476
9730
13692
17921
30539
16116
24154
22995
22240
28792
12303
14196
16804
22458
8218
18314
18430
8762
7595
8712
25342
9255
22944
11810
19755
29124
20516
21941
17340
28228
14809
14564
656
14233
17517
6822
26380
14773
19401
27387
26857
16165
14522
17335
4200
16246
25789
15761
16761
11135
28416
18180
9089
29466
16346
29720
7646
15006
8534
2016
18700
23344
24653
26156
12593
17057
5611
29790
12432
31574
13018
22711
15004
17995
15615
17332
16563
13861
13641
12548
18159
1172
7750
16975
27625
9510
9073
6819
23182
20317
23524
9052
29120
14326
22962
21708
18489
8455
6139
4609
15129
7037
15970
16186
25770
15765
23104
23260
14841
13794
24456
9262
18015
15052
18516
27294
7542
3106
28998
12332
18370
16398
26051
14895
21296
10098
11525
23020
8949
17413
24810
15579
12842
8558
16574
8010
8059
15851
18252
22422
26345
2571
22894
13750
15703
26819
10496
17877
32566
11458
27177
18607
2466
15363
16323
9004
22638
17714
22599
18084
24793
22859
12414
8219
11480
15423
7123
7124
19862
14339
24612
11396
14758
16372
19298
23565
11881
17718
15120
22562
17956
6282
22496
22497
22498
29254
29255
15427
17429
4563
15378
8041
18988
25647
28578
11051
21738
24515
23887
9867
12277
12748
12835
27875
26358
20940
20142
12615
15015
9636
22768
24043
13539
12335
18065
9811
25577
15815
25967
17796
13082
11923
19385
6531
11395
5805
6677
11150
28103
25431
15047
18798
3691
20715
11780
7676
13282
12977
28038
12897
9853
9866
16250
27954
25138
14151
14843
26756
23641
22519
9998
25007
12056
15705
6622
16337
11596
15677
23629
15609
17748
15853
19838
6773
29456
12612
16651
18336
28294
9836
14211
27672
15411
24451
14479
16811
5301
14452
13917
2294
8834
4941
7784
8947
18085
16336
21931
17652
21107
12720
14272
14983
11357
11994
26558
4043
3596
3597
16559
26520
7052
16940
20079
11753
14314
30997
15076
2605
17874
20037
24462
19389
7894
21627
30750
10715
16666
15167
15685
16738
12566
12485
28049
23587
11993
9987
16269
22543
6630
23203
17976
11036
32256
6758
11893
30640
7389
8334
16706
16163
19025
13830
28670
29082
1772
15999
16000
14507
17019
14200
17952
17953
15900
29335
23002
6507
27143
23537
11961
15570
27045
22161
9788
11035
14077
22425
28312
24373
10112
19411
23940
25880
11499
9631
20948
14063
23035
15565
12290
16477
22324
11929
21206
18968
27650
15998
3473
16542
14373
2794
13168
3911
13981
9392
9393
23199
27210
2967
14726
1846
1973
12002
26286
22702
25172
22508
11264
21368
18522
16106
18942
14644
16809
28094
27857
17632
12137
9085
15672
9586
17242
7208
13064
15218
13799
13559
16934
17574
21176
22530
14126
9481
30608
4819
24739
11338
18319
21848
27637
27096
25740
10572
10789
8209
16093
12449
5309
8852
29005
21895
8530
18908
6398
24105
17909
23435
9808
8267
19891
16096
14792
12970
6836
27713
19306
22735
22736
7885
29002
27270
5369
18004
20699
15070
8757
20166
16164
18110
8784
7999
12494
15313
6421
17140
15799
15875
4912
21815
28492
26244
14649
28790
20110
5854
13495
4443
19107
11328
15269
9620
27486
11815
26085
13416
10181
18801
9740
14989
19135
25163
29441
30596
5643
28449
26427
15304
13734
12814
6334
24575
28207
17449
27835
4870
19584
23419
13731
23137
14581
14024
24226
33539
12470
19191
24088
25567
10976
2809
17599
8342
26578
11559
12909
22417
28227
21541
25103
24908
3968
13119
18073
11782
7180
29297
26783
29418
18506
17528
15795
14711
23785
19537
18087
14706
27590
15612
13043
13915
8437
16678
15743
10243
23345
20673
8636
10176
12583
24547
25043
22623
25086
10762
22741
8096
25194
21567
18313
21135
18753
18519
29035
3712
17539
18862
10489
17914
23518
29162
11133
15025
18701
20014
28360
5932
15377
26069
18394
9208
26263
8338
30382
26127
17691
18402
20838
23624
24763
17745
20193
19509
9159
22560
14073
8725
13120
24068
23165
17692
13259
4035
5784
7953
26232
27253
27281
25747
15583
25715
12908
14967
18215
11288
16416
16662
14801
22104
15354
14856
24002
4265
10529
24270
11584
22111
8361
18765
17743
17744
27807
17904
27951
11303
26955
22590
30617
33676
16137
13676
24221
20029
13078
24683
15942
15112
14739
21698
5551
2123
25822
3084
24701
16596
26914
10981
31230
17188
30521
23756
19172
10670
26942
17939
7559
9677
19968
16880
6975
22202
10150
18718
16010
18419
23254
18926
18845
23025
10122
18287
9654
23708
27322
10920
18784
14161
15920
17600
12431
23036
10837
2933
28021
19694
18049
18050
25594
17027
14933
10355
24175
20262
26612
28664
14226
10120
18800
23606
22699
22015
1813
17333
21650
22772
18492
15803
13630
16208
15323
16343
20366
21805
24825
9996
28385
21361
27514
8488
25092
8802
27929
26828
14823
17983
21979
22286
28434
10691
13596
29958
10602
8239
22548
32376
27104
15674
18682
21084
27778
8786
14616
33259
26436
9716
12452
24119
33468
28582
23436
16851
16276
5446
6536
9261
4617
24697
8798
30487
26120
24265
18306
25306
22141
13248
23006
26011
23538
26963
17981
17123
29318
15063
18094
1784
16447
31783
7735
14069
9239
25597
13194
26504
10509
13086
30426
28088
12871
12597
23214
31343
21858
15898
14158
12350
9044
27588
15923
6631
22302
25193
29866
10967
22011
14253
10543
27803
26807
12057
24780
7456
23873
17233
13016
14610
16977
12252
23780
23781
13845
30343
18442
11162
3042
16366
22144
22143
10091
18118
17009
16820
12065
15682
14786
23174
15215
18494
26438
24937
19565
29131
24092
23251
10726
24267
29241
21411
20097
26285
20284
12660
18693
8905
12489
17849
20868
10649
11431
25698
23098
18809
19149
28169
10351
11544
7786
9370
24063
11724
8498
26052
5599
14097
19250
19964
10829
16700
25288
29645
9526
9265
28217
12144
26479
10847
23536
23800
27799
24851
29025
26046
17848
23314
18649
15643
13961
6593
6401
16485
10062
18273
16189
16190
16191
16193
16194
16195
16197
18347
27914
9055
27665
17932
12546
14460
15997
17614
8392
9234
24430
22267
5618
2880
22403
7741
10140
21742
22978
30631
13643
23910
10532
26061
15660
24445
18146
22250
7142
20109
4161
17062
24777
20865
12966
18476
9635
20404
13090
8987
13759
23733
5196
16395
25771
28438
27193
